0,2030,0,2030
0,2029,0,2029
0,2029,0,2029
0,2028,0,2028
0,2028,0,2028
1,2028,1,2028
1,2027,1,2027
2,2027,2,2027
3,2026,3,2026
5,2026,4,2026
7,2026,6,2026
10,2025,8,2025
13,2025,11,2025
17,2024,14,2024
21,2024,18,2024
27,2024,23,2024
33,2023,28,2023
41,2023,35,2023
49,2023,42,2023
59,2022,51,2022
69,2022,60,2022
80,2021,71,2021
93,2021,83,2021
106,2021,96,2021
120,2020,110,2020
135,2020,125,2020
151,2019,141,2019
167,2019,157,2019
184,2019,175,2019
202,2018,194,2018
219,2018,213,2018
237,2018,232,2018
255,2017,252,2017
272,2017,273,2017
290,2016,293,2016
307,2016,314,2016
324,2016,334,2016
341,2015,354,2015
357,2015,374,2015
372,2015,394,2015
387,2014,413,2014
402,2014,431,2014
415,2014,449,2014
428,2013,465,2013
440,2013,481,2013
451,2012,495,2012
461,2012,509,2012
471,2012,521,2012
479,2011,533,2011
487,2011,543,2011
494,2011,551,2011
500,2010,559,2010
505,2010,566,2010
510,2010,571,2010
514,2009,575,2009
517,2009,578,2009
519,2008,580,2008
521,2008,581,2008
523,2008,581,2008
524,2007,581,2007
524,2007,579,2007
524,2007,576,2007
524,2006,573,2006
523,2006,569,2006
522,2006,565,2006
521,2005,559,2005
519,2005,554,2005
517,2005,547,2005
515,2004,541,2004
513,2004,534,2004
510,2004,527,2004
508,2003,519,2003
505,2003,512,2003
502,2002,504,2002
499,2002,497,2002
496,2002,489,2002
493,2001,482,2001
490,2001,476,2001
488,2001,469,2001
485,2000,463,2000
482,2000,458,2000
480,2000,453,2000
478,1999,449,1999
476,1999,446,1999
475,1999,444,1999
474,1998,442,1998
473,1998,441,1998
472,1998,441,1998
472,1997,442,1997
472,1997,444,1997
472,1997,447,1997
473,1996,450,1996
474,1996,454,1996
476,1996,458,1996
478,1995,463,1995
481,1995,469,1995
484,1995,475,1995
488,1994,482,1994
492,1994,489,1994
497,1994,496,1994
502,1993,504,1993
508,1993,512,1993
515,1993,520,1993
522,1992,528,1992
530,1992,536,1992
538,1992,545,1992
546,1991,553,1991
555,1991,562,1991
564,1991,570,1991
573,1991,579,1991
582,1990,587,1990
591,1990,596,1990
599,1990,604,1990
608,1989,612,1989
616,1989,621,1989
623,1989,629,1989
630,1988,636,1988
637,1988,644,1988
643,1988,652,1988
649,1987,659,1987
654,1987,666,1987
659,1987,672,1987
664,1986,679,1986
668,1986,685,1986
673,1986,690,1986
677,1985,696,1985
680,1985,701,1985
684,1985,705,1985
687,1985,710,1985
690,1984,713,1984
693,1984,717,1984
695,1984,719,1984
698,1983,722,1983
699,1983,723,1983
701,1983,724,1983
702,1982,724,1982
703,1982,724,1982
703,1982,723,1982
702,1981,721,1981
701,1981,718,1981
698,1981,714,1981
695,1981,709,1981
692,1980,703,1980
687,1980,697,1980
680,1980,689,1980
673,1979,680,1979
665,1979,670,1979
655,1979,659,1979
644,1978,647,1978
632,1978,634,1978
618,1978,620,1978
603,1978,604,1978
587,1977,588,1977
570,1977,571,1977
552,1977,553,1977
532,1976,535,1976
512,1976,515,1976
491,1976,495,1976
469,1976,474,1976
447,1975,453,1975
425,1975,431,1975
402,1975,409,1975
379,1974,386,1974
357,1974,363,1974
335,1974,340,1974
313,1973,317,1973
291,1973,293,1973
270,1973,269,1973
249,1973,246,1973
229,1972,222,1972
210,1972,199,1972
191,1972,176,1972
173,1972,153,1972
155,1971,131,1971
137,1971,109,1971
120,1971,88,1971
104,1970,67,1970
87,1970,48,1970
71,1970,29,1970
55,1970,10,1970
39,1969,-7,1969
24,1969,-23,1969
8,1969,-39,1969
-6,1968,-54,1968
-21,1968,-68,1968
-35,1968,-81,1968
-48,1968,-94,1968
-61,1967,-106,1967
-73,1967,-117,1967
-84,1967,-127,1967
-95,1966,-137,1966
-104,1966,-147,1966
-113,1966,-155,1966
-121,1966,-164,1966
-128,1965,-171,1965
-134,1965,-179,1965
-140,1965,-185,1965
-145,1965,-191,1965
-149,1964,-197,1964
-153,1964,-202,1964
-156,1964,-206,1964
-159,1964,-210,1964
-162,1963,-213,1963
-164,1963,-216,1963
-167,1963,-218,1963
-169,1962,-219,1962
-172,1962,-220,1962
-174,1962,-221,1962
-177,1962,-221,1962
-180,1961,-221,1961
-183,1961,-221,1961
-186,1961,-221,1961
-189,1961,-221,1961
-193,1960,-221,1960
-196,1960,-221,1960
-200,1960,-221,1960
-203,1960,-221,1960
-206,1959,-222,1959
-210,1959,-223,1959
-213,1959,-224,1959
-217,1959,-225,1959
-220,1958,-227,1958
-223,1958,-229,1958
-227,1958,-231,1958
-231,1958,-233,1958
-234,1957,-236,1957
-239,1957,-239,1957
-243,1957,-243,1957
-248,1957,-247,1957
-254,1956,-251,1956
-260,1956,-256,1956
-267,1956,-261,1956
-274,1956,-267,1956
-283,1955,-274,1955
-292,1955,-282,1955
-302,1955,-290,1955
-313,1955,-300,1955
-325,1954,-310,1954
-337,1954,-321,1954
-350,1954,-333,1954
-364,1954,-346,1954
-379,1953,-360,1953
-394,1953,-375,1953
-409,1953,-391,1953
-425,1953,-408,1953
-442,1952,-425,1952
-458,1952,-444,1952
-475,1952,-462,1952
-492,1952,-481,1952
-509,1951,-501,1951
-526,1951,-521,1951
-543,1951,-541,1951
-560,1951,-561,1951
-578,1950,-582,1950
-595,1950,-602,1950
-613,1950,-622,1950
-630,1950,-642,1950
-648,1949,-661,1949
-666,1949,-681,1949
-685,1949,-700,1949
-703,1949,-718,1949
-722,1948,-736,1948
-741,1948,-754,1948
-760,1948,-771,1948
-779,1948,-787,1948
-798,1947,-803,1947
-818,1947,-819,1947
-837,1947,-833,1947
-856,1947,-848,1947
-875,1947,-862,1947
-893,1946,-875,1946
-911,1946,-887,1946
-929,1946,-900,1946
-945,1946,-911,1946
-962,1945,-923,1945
-977,1945,-933,1945
-991,1945,-944,1945
-1005,1945,-954,1945
-1018,1944,-963,1944
-1029,1944,-972,1944
-1040,1944,-981,1944
-1049,1944,-989,1944
-1057,1944,-997,1944
-1064,1943,-1004,1943
-1071,1943,-1011,1943
-1076,1943,-1017,1943
-1079,1943,-1022,1943
-1082,1942,-1027,1942
-1084,1942,-1031,1942
-1084,1942,-1034,1942
-1084,1942,-1037,1942
-1082,1942,-1039,1942
-1080,1941,-1039,1941
-1076,1941,-1039,1941
-1072,1941,-1038,1941
-1067,1941,-1036,1941
-1061,1940,-1033,1940
-1054,1940,-1030,1940
-1046,1940,-1025,1940
-1038,1940,-1020,1940
-1029,1940,-1014,1940
-1020,1939,-1007,1939
-1010,1939,-999,1939
-999,1939,-991,1939
-989,1939,-982,1939
-977,1938,-973,1938
-966,1938,-964,1938
-954,1938,-954,1938
-942,1938,-944,1938
-930,1938,-934,1938
-917,1937,-924,1937
-904,1937,-914,1937
-891,1937,-903,1937
-878,1937,-893,1937
-865,1937,-883,1937
-853,1936,-872,1936
-840,1936,-862,1936
-828,1936,-851,1936
-815,1936,-841,1936
-804,1935,-830,1935
-793,1935,-819,1935
-782,1935,-809,1935
-772,1935,-798,1935
-763,1935,-787,1935
-754,1934,-776,1934
-747,1934,-765,1934
-740,1934,-755,1934
-733,1934,-744,1934
-728,1934,-733,1934
-723,1933,-723,1933
-719,1933,-714,1933
-716,1933,-704,1933
-713,1933,-696,1933
-711,1933,-688,1933
-709,1932,-681,1932
-707,1932,-674,1932
-706,1932,-669,1932
-705,1932,-665,1932
-705,1932,-662,1932
-705,1931,-661,1931
-705,1931,-660,1931
-705,1931,-661,1931
-706,1931,-663,1931
-706,1931,-666,1931
-707,1930,-670,1930
-708,1930,-675,1930
-709,1930,-682,1930
-711,1930,-689,1930
-713,1930,-696,1930
-715,1929,-704,1929
-717,1929,-713,1929
-719,1929,-721,1929
-721,1929,-730,1929
-724,1929,-738,1929
-726,1928,-746,1928
-729,1928,-754,1928
-731,1928,-760,1928
-733,1928,-766,1928
-736,1928,-771,1928
-738,1927,-775,1927
-739,1927,-778,1927
-741,1927,-780,1927
-742,1927,-781,1927
-743,1927,-781,1927
-743,1926,-779,1926
-743,1926,-777,1926
-742,1926,-773,1926
-741,1926,-769,1926
-739,1926,-764,1926
-737,1925,-758,1925
-734,1925,-751,1925
-730,1925,-745,1925
-726,1925,-737,1925
-721,1925,-729,1925
-715,1924,-721,1924
-709,1924,-712,1924
-702,1924,-704,1924
-694,1924,-694,1924
-686,1924,-685,1924
-677,1924,-674,1924
-667,1923,-664,1923
-656,1923,-653,1923
-645,1923,-641,1923
-633,1923,-628,1923
-620,1923,-615,1923
-607,1922,-601,1922
-592,1922,-586,1922
-577,1922,-571,1922
-561,1922,-554,1922
-544,1922,-537,1922
-526,1921,-518,1921
-507,1921,-499,1921
-487,1921,-479,1921
-467,1921,-459,1921
-445,1921,-437,1921
-423,1921,-415,1921
-400,1920,-393,1920
-376,1920,-370,1920
-352,1920,-346,1920
-327,1920,-322,1920
-302,1920,-298,1920
-276,1920,-273,1920
-251,1919,-249,1919
-225,1919,-224,1919
-199,1919,-200,1919
-173,1919,-175,1919
-147,1919,-150,1919
-121,1918,-126,1918
-96,1918,-102,1918
-71,1918,-78,1918
-46,1918,-55,1918
-22,1918,-32,1918
2,1918,-9,1918
26,1917,13,1917
49,1917,35,1917
71,1917,57,1917
93,1917,77,1917
115,1917,98,1917
136,1917,118,1917
157,1916,137,1916
177,1916,156,1916
196,1916,174,1916
215,1916,192,1916
233,1916,208,1916
250,1915,225,1915
266,1915,240,1915
282,1915,255,1915
297,1915,270,1915
310,1915,284,1915
323,1915,297,1915
335,1914,309,1914
346,1914,321,1914
355,1914,332,1914
364,1914,342,1914
372,1914,352,1914
379,1914,361,1914
385,1913,369,1913
390,1913,376,1913
395,1913,383,1913
398,1913,388,1913
401,1913,393,1913
404,1913,397,1913
406,1912,401,1912
407,1912,403,1912
408,1912,405,1912
409,1912,407,1912
409,1912,408,1912
410,1912,409,1912
410,1911,410,1911
410,1911,410,1911
410,1911,410,1911
410,1911,410,1911
410,1911,410,1911
410,1911,410,1911
411,1911,410,1911
411,1910,410,1910
412,1910,411,1910
413,1910,411,1910
414,1910,412,1910
416,1910,412,1910
417,1910,413,1910
419,1909,414,1909
422,1909,416,1909
424,1909,417,1909
427,1909,419,1909
430,1909,421,1909
433,1909,423,1909
437,1908,426,1908
440,1908,429,1908
444,1908,432,1908
449,1908,435,1908
454,1908,439,1908
459,1908,443,1908
465,1908,448,1908
471,1907,453,1907
477,1907,459,1907
485,1907,466,1907
493,1907,473,1907
501,1907,482,1907
510,1907,491,1907
521,1906,501,1906
531,1906,512,1906
543,1906,524,1906
555,1906,536,1906
568,1906,550,1906
582,1906,565,1906
596,1906,580,1906
611,1905,597,1905
626,1905,614,1905
642,1905,632,1905
657,1905,650,1905
673,1905,669,1905
689,1905,689,1905
706,1904,708,1904
722,1904,728,1904
737,1904,748,1904
753,1904,768,1904
768,1904,788,1904
784,1904,807,1904
798,1904,826,1904
813,1903,845,1903
827,1903,862,1903
841,1903,879,1903
854,1903,896,1903
868,1903,911,1903
881,1903,926,1903
893,1903,940,1903
906,1902,953,1902
918,1902,965,1902
930,1902,976,1902
942,1902,986,1902
954,1902,995,1902
965,1902,1004,1902
976,1902,1012,1902
986,1901,1018,1901
996,1901,1024,1901
1006,1901,1030,1901
1015,1901,1034,1901
1023,1901,1038,1901
1031,1901,1041,1901
1038,1901,1043,1901
1044,1900,1045,1900
1049,1900,1046,1900
1053,1900,1046,1900
1056,1900,1046,1900
1058,1900,1045,1900
1059,1900,1044,1900
1059,1900,1042,1900
1057,1899,1040,1899
1055,1899,1037,1899
1051,1899,1034,1899
1046,1899,1030,1899
1040,1899,1025,1899
1033,1899,1020,1899
1024,1899,1014,1899
1015,1898,1007,1898
1005,1898,999,1898
993,1898,990,1898
981,1898,980,1898
967,1898,969,1898
953,1898,958,1898
937,1898,945,1898
921,1898,931,1898
905,1897,916,1897
888,1897,900,1897
870,1897,883,1897
853,1897,865,1897
835,1897,847,1897
817,1897,828,1897
799,1897,809,1897
781,1896,789,1896
763,1896,769,1896
746,1896,750,1896
729,1896,730,1896
713,1896,711,1896
697,1896,693,1896
682,1896,675,1896
667,1896,658,1896
653,1895,641,1895
640,1895,626,1895
627,1895,611,1895
615,1895,597,1895
603,1895,585,1895
592,1895,573,1895
581,1895,561,1895
571,1894,551,1894
561,1894,541,1894
552,1894,533,1894
542,1894,524,1894
534,1894,517,1894
526,1894,510,1894
518,1894,503,1894
510,1894,497,1894
503,1893,492,1893
496,1893,487,1893
489,1893,483,1893
483,1893,478,1893
476,1893,475,1893
471,1893,471,1893
465,1893,468,1893
459,1893,465,1893
454,1892,462,1892
449,1892,460,1892
445,1892,457,1892
440,1892,455,1892
436,1892,454,1892
432,1892,452,1892
429,1892,451,1892
426,1892,449,1892
424,1891,448,1891
421,1891,448,1891
420,1891,447,1891
419,1891,447,1891
418,1891,447,1891
418,1891,448,1891
419,1891,448,1891
420,1891,449,1891
422,1890,450,1890
424,1890,451,1890
426,1890,452,1890
428,1890,453,1890
431,1890,454,1890
433,1890,454,1890
435,1890,454,1890
437,1890,454,1890
439,1890,453,1890
439,1889,451,1889
439,1889,449,1889
438,1889,446,1889
436,1889,442,1889
432,1889,437,1889
428,1889,431,1889
423,1889,424,1889
416,1889,416,1889
408,1888,407,1888
399,1888,398,1888
390,1888,387,1888
379,1888,375,1888
367,1888,363,1888
355,1888,350,1888
342,1888,336,1888
329,1888,322,1888
314,1888,306,1888
300,1887,291,1887
284,1887,274,1887
269,1887,257,1887
253,1887,240,1887
236,1887,222,1887
219,1887,203,1887
201,1887,184,1887
183,1887,164,1887
165,1887,144,1887
146,1886,123,1886
126,1886,101,1886
106,1886,79,1886
85,1886,57,1886
64,1886,34,1886
42,1886,11,1886
20,1886,-13,1886
-4,1886,-37,1886
-27,1885,-61,1885
-51,1885,-85,1885
-76,1885,-110,1885
-101,1885,-135,1885
-126,1885,-160,1885
-152,1885,-184,1885
-178,1885,-209,1885
-203,1885,-234,1885
-229,1885,-259,1885
-255,1885,-284,1885
-280,1884,-309,1884
-305,1884,-333,1884
-330,1884,-358,1884
-354,1884,-382,1884
-378,1884,-406,1884
-401,1884,-429,1884
-423,1884,-452,1884
-445,1884,-474,1884
-465,1884,-496,1884
-484,1883,-517,1883
-503,1883,-537,1883
-520,1883,-555,1883
-537,1883,-573,1883
-552,1883,-590,1883
-567,1883,-605,1883
-580,1883,-619,1883
-593,1883,-631,1883
-604,1883,-643,1883
-615,1882,-652,1882
-624,1882,-661,1882
-633,1882,-668,1882
-641,1882,-673,1882
-648,1882,-677,1882
-655,1882,-680,1882
-660,1882,-682,1882
-665,1882,-683,1882
-669,1882,-683,1882
-672,1882,-682,1882
-674,1881,-681,1881
-675,1881,-679,1881
-676,1881,-677,1881
-676,1881,-674,1881
-675,1881,-672,1881
-673,1881,-669,1881
-671,1881,-665,1881
-668,1881,-662,1881
-664,1881,-659,1881
-660,1881,-656,1881
-655,1880,-652,1880
-650,1880,-649,1880
-644,1880,-645,1880
-639,1880,-641,1880
-633,1880,-637,1880
-628,1880,-634,1880
-623,1880,-629,1880
-618,1880,-625,1880
-614,1880,-621,1880
-610,1880,-617,1880
-607,1879,-612,1879
-605,1879,-608,1879
-604,1879,-604,1879
-603,1879,-600,1879
-604,1879,-596,1879
-605,1879,-593,1879
-607,1879,-590,1879
-610,1879,-588,1879
-614,1879,-587,1879
-618,1879,-587,1879
-623,1878,-587,1878
-629,1878,-589,1878
-635,1878,-591,1878
-641,1878,-595,1878
-648,1878,-600,1878
-655,1878,-605,1878
-662,1878,-612,1878
-669,1878,-620,1878
-677,1878,-628,1878
-685,1878,-637,1878
-693,1877,-646,1877
-701,1877,-656,1877
-709,1877,-666,1877
-717,1877,-676,1877
-725,1877,-687,1877
-734,1877,-697,1877
-742,1877,-707,1877
-751,1877,-717,1877
-761,1877,-727,1877
-770,1877,-738,1877
-780,1877,-748,1877
-791,1876,-758,1876
-801,1876,-768,1876
-813,1876,-778,1876
-824,1876,-789,1876
-835,1876,-800,1876
-847,1876,-811,1876
-859,1876,-823,1876
-871,1876,-836,1876
-883,1876,-848,1876
-895,1876,-862,1876
-906,1876,-875,1876
-917,1875,-889,1875
-929,1875,-904,1875
-939,1875,-918,1875
-950,1875,-933,1875
-960,1875,-947,1875
-969,1875,-961,1875
-978,1875,-975,1875
-987,1875,-988,1875
-995,1875,-1000,1875
-1002,1875,-1011,1875
-1009,1875,-1021,1875
-1015,1874,-1030,1874
-1020,1874,-1037,1874
-1024,1874,-1043,1874
-1028,1874,-1048,1874
-1031,1874,-1051,1874
-1033,1874,-1053,1874
-1034,1874,-1053,1874
-1034,1874,-1053,1874
-1033,1874,-1050,1874
-1031,1874,-1047,1874
-1028,1874,-1042,1874
-1024,1873,-1037,1873
-1020,1873,-1030,1873
-1014,1873,-1023,1873
-1008,1873,-1015,1873
-1001,1873,-1006,1873
-993,1873,-996,1873
-984,1873,-985,1873
-974,1873,-974,1873
-964,1873,-962,1873
-953,1873,-950,1873
-941,1873,-937,1873
-929,1873,-923,1873
-915,1872,-908,1872
-902,1872,-893,1872
-887,1872,-877,1872
-872,1872,-861,1872
-857,1872,-844,1872
-841,1872,-826,1872
-824,1872,-808,1872
-807,1872,-789,1872
-789,1872,-770,1872
-771,1872,-750,1872
-752,1872,-730,1872
-733,1872,-710,1872
-713,1871,-690,1871
-693,1871,-670,1871
-672,1871,-650,1871
-651,1871,-629,1871
-630,1871,-609,1871
-609,1871,-590,1871
-588,1871,-570,1871
-567,1871,-551,1871
-546,1871,-531,1871
-525,1871,-513,1871
-505,1871,-494,1871
-485,1871,-476,1871
-466,1870,-458,1870
-447,1870,-441,1870
-429,1870,-424,1870
-411,1870,-407,1870
-394,1870,-391,1870
-377,1870,-376,1870
-361,1870,-361,1870
-346,1870,-346,1870
-332,1870,-332,1870
-318,1870,-319,1870
-305,1870,-306,1870
-293,1870,-294,1870
-281,1870,-283,1870
-271,1869,-272,1869
-261,1869,-262,1869
-252,1869,-253,1869
-244,1869,-244,1869
-236,1869,-236,1869
-230,1869,-229,1869
-224,1869,-223,1869
-218,1869,-217,1869
-214,1869,-212,1869
-210,1869,-208,1869
-206,1869,-204,1869
-203,1869,-201,1869
-200,1868,-199,1868
-197,1868,-197,1868
-195,1868,-196,1868
-193,1868,-195,1868
-191,1868,-194,1868
-189,1868,-194,1868
-187,1868,-193,1868
-185,1868,-193,1868
-183,1868,-193,1868
-180,1868,-192,1868
-178,1868,-191,1868
-175,1868,-191,1868
-172,1868,-189,1868
-169,1867,-188,1867
-166,1867,-186,1867
-162,1867,-184,1867
-158,1867,-182,1867
-155,1867,-179,1867
-151,1867,-176,1867
-147,1867,-172,1867
-143,1867,-168,1867
-139,1867,-164,1867
-135,1867,-160,1867
-131,1867,-155,1867
-127,1867,-150,1867
-123,1867,-144,1867
-119,1867,-138,1867
-115,1866,-131,1866
-110,1866,-124,1866
-106,1866,-117,1866
-100,1866,-109,1866
-95,1866,-100,1866
-88,1866,-91,1866
-82,1866,-81,1866
-74,1866,-70,1866
-65,1866,-59,1866
-56,1866,-47,1866
-45,1866,-35,1866
-34,1866,-22,1866
-21,1866,-8,1866
-7,1866,7,1866
8,1865,22,1865
24,1865,38,1865
42,1865,55,1865
60,1865,72,1865
80,1865,91,1865
101,1865,109,1865
123,1865,129,1865
146,1865,149,1865
170,1865,169,1865
195,1865,190,1865
220,1865,212,1865
246,1865,234,1865
273,1865,257,1865
300,1865,280,1865
327,1864,303,1864
355,1864,327,1864
383,1864,351,1864
410,1864,375,1864
438,1864,400,1864
465,1864,424,1864
492,1864,449,1864
518,1864,473,1864
543,1864,497,1864
568,1864,521,1864
592,1864,545,1864
615,1864,568,1864
636,1864,591,1864
657,1864,613,1864
677,1864,635,1864
696,1863,656,1863
713,1863,676,1863
730,1863,696,1863
745,1863,715,1863
760,1863,734,1863
773,1863,752,1863
786,1863,769,1863
799,1863,785,1863
810,1863,800,1863
821,1863,815,1863
831,1863,829,1863
841,1863,841,1863
850,1863,853,1863
858,1863,863,1863
866,1863,873,1863
873,1862,881,1862
879,1862,888,1862
885,1862,894,1862
890,1862,899,1862
893,1862,902,1862
896,1862,905,1862
898,1862,906,1862
899,1862,907,1862
899,1862,906,1862
898,1862,905,1862
896,1862,902,1862
892,1862,899,1862
888,1862,895,1862
884,1862,891,1862
878,1862,886,1862
872,1862,880,1862
865,1861,875,1861
859,1861,869,1861
851,1861,863,1861
844,1861,856,1861
836,1861,850,1861
829,1861,844,1861
821,1861,837,1861
813,1861,831,1861
806,1861,825,1861
798,1861,819,1861
791,1861,813,1861
783,1861,807,1861
776,1861,801,1861
769,1861,795,1861
762,1861,789,1861
755,1861,784,1861
748,1860,778,1860
742,1860,773,1860
736,1860,767,1860
730,1860,762,1860
724,1860,757,1860
719,1860,753,1860
715,1860,748,1860
711,1860,744,1860
707,1860,741,1860
705,1860,738,1860
702,1860,736,1860
701,1860,734,1860
700,1860,733,1860
699,1860,733,1860
700,1860,734,1860
701,1860,735,1860
702,1859,737,1859
705,1859,740,1859
708,1859,744,1859
711,1859,748,1859
715,1859,753,1859
720,1859,758,1859
725,1859,764,1859
731,1859,771,1859
738,1859,778,1859
745,1859,785,1859
752,1859,792,1859
760,1859,800,1859
769,1859,807,1859
777,1859,815,1859
787,1859,823,1859
796,1859,830,1859
806,1859,837,1859
816,1859,845,1859
826,1858,852,1858
836,1858,858,1858
846,1858,865,1858
855,1858,871,1858
865,1858,877,1858
874,1858,882,1858
883,1858,887,1858
892,1858,892,1858
900,1858,896,1858
907,1858,900,1858
914,1858,903,1858
920,1858,906,1858
926,1858,908,1858
930,1858,910,1858
934,1858,911,1858
937,1858,912,1858
939,1858,912,1858
940,1858,911,1858
940,1857,910,1857
939,1857,908,1857
937,1857,905,1857
933,1857,902,1857
928,1857,897,1857
922,1857,892,1857
914,1857,886,1857
905,1857,880,1857
895,1857,872,1857
883,1857,863,1857
870,1857,854,1857
856,1857,843,1857
841,1857,831,1857
825,1857,818,1857
808,1857,803,1857
790,1857,788,1857
771,1857,771,1857
752,1857,754,1857
732,1856,735,1856
712,1856,716,1856
692,1856,695,1856
672,1856,675,1856
652,1856,653,1856
632,1856,631,1856
613,1856,609,1856
593,1856,587,1856
574,1856,564,1856
555,1856,542,1856
536,1856,520,1856
517,1856,498,1856
498,1856,476,1856
479,1856,455,1856
460,1856,434,1856
440,1856,414,1856
421,1856,394,1856
401,1856,374,1856
381,1856,355,1856
361,1855,336,1855
340,1855,317,1855
319,1855,299,1855
298,1855,280,1855
277,1855,262,1855
255,1855,244,1855
234,1855,226,1855
212,1855,207,1855
191,1855,189,1855
170,1855,170,1855
149,1855,151,1855
129,1855,132,1855
109,1855,113,1855
89,1855,94,1855
70,1855,76,1855
52,1855,57,1855
35,1855,38,1855
18,1855,20,1855
3,1855,2,1855
-12,1855,-15,1855
-26,1854,-32,1854
-40,1854,-48,1854
-52,1854,-63,1854
-64,1854,-78,1854
-75,1854,-91,1854
-85,1854,-104,1854
-94,1854,-115,1854
-103,1854,-126,1854
-111,1854,-136,1854
-118,1854,-145,1854
-124,1854,-152,1854
-130,1854,-159,1854
-135,1854,-165,1854
-139,1854,-170,1854
-143,1854,-174,1854
-146,1854,-177,1854
-149,1854,-180,1854
-151,1854,-182,1854
-153,1854,-183,1854
-155,1854,-183,1854
-157,1854,-183,1854
-158,1853,-183,1853
-160,1853,-182,1853
-161,1853,-181,1853
-162,1853,-180,1853
-164,1853,-178,1853
-165,1853,-177,1853
-167,1853,-176,1853
-169,1853,-176,1853
-171,1853,-176,1853
-173,1853,-176,1853
-175,1853,-177,1853
-177,1853,-178,1853
-180,1853,-180,1853
-183,1853,-183,1853
-186,1853,-187,1853
-190,1853,-191,1853
-194,1853,-196,1853
-200,1853,-202,1853
-205,1853,-209,1853
-212,1853,-217,1853
-219,1853,-225,1853
-227,1853,-234,1853
-236,1852,-243,1852
-246,1852,-253,1852
-256,1852,-263,1852
-267,1852,-274,1852
-280,1852,-285,1852
-292,1852,-296,1852
-306,1852,-308,1852
-320,1852,-320,1852
-335,1852,-332,1852
-350,1852,-345,1852
-365,1852,-358,1852
-381,1852,-371,1852
-397,1852,-384,1852
-413,1852,-398,1852
-430,1852,-412,1852
-446,1852,-427,1852
-463,1852,-442,1852
-480,1852,-458,1852
-497,1852,-474,1852
-515,1852,-490,1852
-532,1852,-507,1852
-550,1852,-524,1852
-568,1852,-542,1852
-586,1851,-560,1851
-605,1851,-579,1851
-624,1851,-597,1851
-643,1851,-616,1851
-662,1851,-636,1851
-682,1851,-655,1851
-701,1851,-675,1851
-721,1851,-694,1851
-741,1851,-714,1851
-760,1851,-734,1851
-780,1851,-753,1851
-799,1851,-773,1851
-817,1851,-792,1851
-836,1851,-811,1851
-853,1851,-830,1851
-870,1851,-848,1851
-887,1851,-866,1851
-902,1851,-883,1851
-917,1851,-899,1851
-931,1851,-915,1851
-944,1851,-930,1851
-956,1851,-945,1851
-967,1851,-958,1851
-977,1850,-971,1850
-986,1850,-982,1850
-994,1850,-993,1850
-1001,1850,-1002,1850
-1007,1850,-1011,1850
-1011,1850,-1019,1850
-1015,1850,-1025,1850
-1018,1850,-1030,1850
-1019,1850,-1035,1850
-1020,1850,-1038,1850
-1020,1850,-1040,1850
-1018,1850,-1041,1850
-1016,1850,-1041,1850
-1013,1850,-1040,1850
-1010,1850,-1038,1850
-1005,1850,-1035,1850
-1000,1850,-1031,1850
-994,1850,-1026,1850
-987,1850,-1021,1850
-980,1850,-1014,1850
-971,1850,-1007,1850
-963,1850,-999,1850
-954,1850,-990,1850
-944,1850,-981,1850
-934,1850,-971,1850
-923,1849,-961,1849
-912,1849,-950,1849
-900,1849,-938,1849
-888,1849,-927,1849
-876,1849,-914,1849
-863,1849,-902,1849
-850,1849,-889,1849
-837,1849,-876,1849
-824,1849,-863,1849
-810,1849,-850,1849
-797,1849,-837,1849
-784,1849,-825,1849
-772,1849,-812,1849
-759,1849,-799,1849
-747,1849,-787,1849
-735,1849,-774,1849
-724,1849,-763,1849
-713,1849,-751,1849
-703,1849,-740,1849
-694,1849,-729,1849
-685,1849,-719,1849
-677,1849,-709,1849
-670,1849,-700,1849
-664,1849,-691,1849
-659,1849,-683,1849
-655,1849,-675,1849
-652,1849,-668,1849
-649,1848,-662,1848
-648,1848,-656,1848
-647,1848,-651,1848
-647,1848,-646,1848
-648,1848,-642,1848
-649,1848,-639,1848
-650,1848,-636,1848
-652,1848,-634,1848
-655,1848,-632,1848
-658,1848,-631,1848
-660,1848,-631,1848
-663,1848,-631,1848
-666,1848,-632,1848
-669,1848,-633,1848
-672,1848,-635,1848
-675,1848,-637,1848
-677,1848,-639,1848
-680,1848,-642,1848
-682,1848,-646,1848
-684,1848,-650,1848
-686,1848,-654,1848
-689,1848,-658,1848
-691,1848,-662,1848
-693,1848,-666,1848
-695,1848,-671,1848
-697,1848,-675,1848
-700,1848,-679,1848
-702,1848,-683,1848
-704,1847,-687,1847
-706,1847,-690,1847
-708,1847,-693,1847
-710,1847,-695,1847
-712,1847,-697,1847
-713,1847,-698,1847
-714,1847,-699,1847
-715,1847,-699,1847
-715,1847,-699,1847
-714,1847,-698,1847
-712,1847,-696,1847
-710,1847,-694,1847
-707,1847,-691,1847
-702,1847,-687,1847
-697,1847,-683,1847
-691,1847,-678,1847
-684,1847,-672,1847
-675,1847,-665,1847
-666,1847,-658,1847
-656,1847,-650,1847
-644,1847,-641,1847
-632,1847,-631,1847
-618,1847,-620,1847
-604,1847,-608,1847
-589,1847,-595,1847
-573,1847,-581,1847
-557,1847,-566,1847
-539,1847,-550,1847
-522,1847,-532,1847
-503,1846,-514,1846
-485,1846,-495,1846
-466,1846,-474,1846
-446,1846,-453,1846
-426,1846,-431,1846
-406,1846,-408,1846
-386,1846,-384,1846
-365,1846,-360,1846
-344,1846,-335,1846
-322,1846,-310,1846
-300,1846,-285,1846
-278,1846,-259,1846
-255,1846,-234,1846
-232,1846,-208,1846
-209,1846,-183,1846
-186,1846,-158,1846
-162,1846,-134,1846
-138,1846,-110,1846
-114,1846,-86,1846
-90,1846,-63,1846
-66,1846,-40,1846
-42,1846,-18,1846
-18,1846,4,1846
6,1846,25,1846
29,1846,46,1846
52,1846,66,1846
75,1846,86,1846
97,1846,106,1846
119,1846,126,1846
140,1846,145,1846
161,1846,163,1846
182,1845,182,1845
201,1845,200,1845
221,1845,217,1845
239,1845,234,1845
258,1845,251,1845
275,1845,266,1845
292,1845,281,1845
308,1845,296,1845
323,1845,309,1845
337,1845,321,1845
351,1845,333,1845
363,1845,343,1845
375,1845,353,1845
385,1845,361,1845
394,1845,369,1845
402,1845,375,1845
409,1845,381,1845
415,1845,387,1845
419,1845,392,1845
423,1845,396,1845
426,1845,401,1845
427,1845,405,1845
428,1845,410,1845
429,1845,414,1845
429,1845,418,1845
428,1845,423,1845
428,1845,428,1845
427,1845,433,1845
426,1845,439,1845
425,1845,444,1845
425,1845,450,1845
425,1845,455,1845
425,1845,461,1845
425,1845,466,1845
426,1844,471,1844
427,1844,475,1844
428,1844,479,1844
430,1844,483,1844
432,1844,486,1844
434,1844,488,1844
436,1844,491,1844
439,1844,492,1844
441,1844,494,1844
444,1844,495,1844
446,1844,496,1844
449,1844,498,1844
452,1844,499,1844
455,1844,501,1844
458,1844,503,1844
461,1844,505,1844
465,1844,509,1844
469,1844,512,1844
473,1844,517,1844
478,1844,522,1844
483,1844,527,1844
489,1844,534,1844
496,1844,540,1844
503,1844,548,1844
511,1844,555,1844
520,1844,564,1844
529,1844,572,1844
539,1844,581,1844
550,1844,590,1844
561,1844,599,1844
573,1844,609,1844
585,1844,619,1844
598,1844,629,1844
611,1844,639,1844
625,1844,650,1844
639,1843,662,1843
653,1843,674,1843
668,1843,686,1843
683,1843,699,1843
698,1843,713,1843
714,1843,727,1843
730,1843,742,1843
747,1843,758,1843
763,1843,774,1843
780,1843,791,1843
797,1843,808,1843
815,1843,826,1843
832,1843,844,1843
850,1843,863,1843
867,1843,881,1843
885,1843,899,1843
902,1843,917,1843
919,1843,934,1843
935,1843,951,1843
951,1843,967,1843
967,1843,982,1843
981,1843,996,1843
995,1843,1010,1843
1008,1843,1022,1843
1021,1843,1033,1843
1032,1843,1044,1843
1042,1843,1053,1843
1051,1843,1061,1843
1060,1843,1068,1843
1067,1843,1074,1843
1074,1843,1079,1843
1079,1843,1083,1843
1084,1843,1086,1843
1087,1843,1088,1843
1090,1843,1089,1843
1091,1843,1089,1843
1092,1843,1088,1843
1091,1843,1086,1843
1090,1843,1084,1843
1087,1842,1080,1842
1084,1842,1075,1842
1079,1842,1070,1842
1073,1842,1063,1842
1066,1842,1056,1842
1058,1842,1048,1842
1049,1842,1039,1842
1039,1842,1029,1842
1028,1842,1019,1842
1016,1842,1007,1842
1003,1842,996,1842
989,1842,983,1842
975,1842,971,1842
960,1842,958,1842
944,1842,944,1842
928,1842,930,1842
911,1842,916,1842
894,1842,902,1842
877,1842,887,1842
860,1842,872,1842
843,1842,857,1842
825,1842,841,1842
808,1842,825,1842
791,1842,809,1842
773,1842,792,1842
756,1842,775,1842
739,1842,758,1842
722,1842,741,1842
705,1842,723,1842
689,1842,705,1842
673,1842,688,1842
657,1842,670,1842
642,1842,652,1842
627,1842,635,1842
613,1842,618,1842
600,1842,601,1842
588,1842,585,1842
576,1842,570,1842
565,1842,555,1842
555,1842,541,1842
546,1842,529,1842
538,1841,517,1841
530,1841,506,1841
523,1841,496,1841
517,1841,486,1841
511,1841,478,1841
505,1841,470,1841
500,1841,464,1841
495,1841,457,1841
491,1841,452,1841
486,1841,447,1841
481,1841,443,1841
477,1841,439,1841
472,1841,436,1841
467,1841,434,1841
462,1841,432,1841
456,1841,430,1841
451,1841,429,1841
446,1841,428,1841
440,1841,428,1841
435,1841,429,1841
430,1841,429,1841
425,1841,430,1841
420,1841,432,1841
415,1841,433,1841
411,1841,435,1841
407,1841,436,1841
404,1841,438,1841
401,1841,440,1841
399,1841,441,1841
397,1841,442,1841
396,1841,443,1841
395,1841,444,1841
395,1841,444,1841
394,1841,444,1841
395,1841,444,1841
395,1841,443,1841
395,1841,441,1841
395,1841,439,1841
395,1841,436,1841
395,1841,433,1841
394,1841,429,1841
393,1841,424,1841
391,1841,418,1841
388,1841,411,1841
385,1841,404,1841
381,1841,396,1841
375,1840,386,1840
369,1840,376,1840
362,1840,365,1840
355,1840,353,1840
346,1840,340,1840
336,1840,326,1840
325,1840,311,1840
314,1840,295,1840
301,1840,278,1840
288,1840,261,1840
274,1840,242,1840
259,1840,223,1840
244,1840,204,1840
228,1840,184,1840
211,1840,164,1840
193,1840,143,1840
175,1840,122,1840
156,1840,100,1840
136,1840,79,1840
115,1840,57,1840
94,1840,35,1840
73,1840,12,1840
50,1840,-10,1840
27,1840,-33,1840
4,1840,-56,1840
-20,1840,-79,1840
-44,1840,-102,1840
-69,1840,-125,1840
-94,1840,-148,1840
-119,1840,-172,1840
-145,1840,-195,1840
-170,1840,-218,1840
-196,1840,-241,1840
-222,1840,-265,1840
-247,1840,-287,1840
-273,1840,-310,1840
-298,1840,-332,1840
-323,1840,-354,1840
-348,1840,-376,1840
-372,1840,-396,1840
-396,1840,-417,1840
-419,1840,-436,1840
-441,1840,-455,1840
-464,1840,-473,1840
-485,1840,-490,1840
-506,1840,-507,1840
-526,1840,-522,1840
-545,1840,-537,1840
-563,1840,-552,1840
-581,1840,-565,1840
-598,1839,-577,1839
-613,1839,-589,1839
-628,1839,-600,1839
-642,1839,-610,1839
-654,1839,-620,1839
-666,1839,-629,1839
-676,1839,-637,1839
-686,1839,-644,1839
-694,1839,-651,1839
-701,1839,-658,1839
-707,1839,-663,1839
-712,1839,-669,1839
-716,1839,-674,1839
-718,1839,-678,1839
-720,1839,-682,1839
-721,1839,-685,1839
-721,1839,-688,1839
-721,1839,-690,1839
-720,1839,-692,1839
-718,1839,-694,1839
-715,1839,-694,1839
-712,1839,-695,1839
-709,1839,-694,1839
-705,1839,-693,1839
-701,1839,-692,1839
-697,1839,-690,1839
-693,1839,-688,1839
-688,1839,-685,1839
-684,1839,-682,1839
-679,1839,-679,1839
-674,1839,-675,1839
-670,1839,-671,1839
-666,1839,-667,1839
-662,1839,-663,1839
-658,1839,-660,1839
-655,1839,-656,1839
-652,1839,-652,1839
-650,1839,-649,1839
-649,1839,-646,1839
-648,1839,-644,1839
-647,1839,-641,1839
-648,1839,-640,1839
-649,1839,-639,1839
-651,1839,-638,1839
-654,1839,-638,1839
-658,1839,-639,1839
-663,1839,-640,1839
-668,1839,-641,1839
-675,1839,-643,1839
-682,1839,-646,1839
-690,1839,-649,1839
-699,1839,-652,1839
-708,1839,-656,1839
-717,1839,-661,1839
-727,1839,-666,1839
-738,1839,-672,1839
-748,1838,-678,1838
-758,1838,-684,1838
-768,1838,-692,1838
-778,1838,-699,1838
-788,1838,-708,1838
-797,1838,-717,1838
-806,1838,-727,1838
-814,1838,-737,1838
-823,1838,-747,1838
-830,1838,-758,1838
-838,1838,-770,1838
-845,1838,-782,1838
-852,1838,-795,1838
-859,1838,-807,1838
-866,1838,-820,1838
-873,1838,-834,1838
-880,1838,-848,1838
-887,1838,-861,1838
-895,1838,-875,1838
-903,1838,-889,1838
-911,1838,-903,1838
-919,1838,-917,1838
-927,1838,-931,1838
-936,1838,-944,1838
-945,1838,-957,1838
-953,1838,-970,1838
-962,1838,-982,1838
-970,1838,-994,1838
-978,1838,-1006,1838
-985,1838,-1016,1838
-992,1838,-1026,1838
-998,1838,-1035,1838
-1002,1838,-1043,1838
-1006,1838,-1050,1838
-1009,1838,-1056,1838
-1011,1838,-1061,1838
-1012,1838,-1065,1838
-1011,1838,-1067,1838
-1009,1838,-1069,1838
-1006,1838,-1068,1838
-1002,1838,-1067,1838
-997,1838,-1064,1838
-991,1838,-1060,1838
-985,1838,-1054,1838
-977,1838,-1047,1838
-969,1838,-1038,1838
-960,1838,-1028,1838
-950,1838,-1017,1838
-940,1838,-1005,1838
-929,1838,-991,1838
-918,1838,-976,1838
-907,1838,-961,1838
-894,1838,-944,1838
-882,1838,-927,1838
-869,1838,-909,1838
-855,1838,-890,1838
-841,1838,-871,1838
-827,1838,-852,1838
-811,1838,-832,1838
-796,1838,-813,1838
-779,1838,-793,1838
-762,1838,-773,1838
-745,1837,-753,1837
-727,1837,-734,1837
-708,1837,-714,1837
-689,1837,-695,1837
-670,1837,-676,1837
-650,1837,-657,1837
-630,1837,-638,1837
-610,1837,-619,1837
-589,1837,-601,1837
-569,1837,-583,1837
-548,1837,-565,1837
-527,1837,-547,1837
-506,1837,-529,1837
-486,1837,-512,1837
-465,1837,-494,1837
-445,1837,-477,1837
-425,1837,-460,1837
-406,1837,-442,1837
-387,1837,-426,1837
-369,1837,-409,1837
-351,1837,-392,1837
-334,1837,-376,1837
-318,1837,-360,1837
-302,1837,-344,1837
-288,1837,-328,1837
-274,1837,-313,1837
-261,1837,-299,1837
-249,1837,-284,1837
-238,1837,-270,1837
-227,1837,-257,1837
-218,1837,-244,1837
-209,1837,-232,1837
-201,1837,-220,1837
-194,1837,-209,1837
-187,1837,-198,1837
-181,1837,-188,1837
-175,1837,-179,1837
-170,1837,-171,1837
-165,1837,-163,1837
-160,1837,-156,1837
-155,1837,-150,1837
-151,1837,-145,1837
-147,1837,-140,1837
-143,1837,-136,1837
-139,1837,-132,1837
-136,1837,-129,1837
-133,1837,-126,1837
-131,1837,-124,1837
-129,1837,-122,1837
-127,1837,-120,1837
-126,1837,-118,1837
-125,1837,-117,1837
-125,1837,-115,1837
-125,1837,-114,1837
-125,1837,-112,1837
-126,1837,-110,1837
-127,1837,-109,1837
-128,1837,-107,1837
-129,1837,-105,1837
-130,1837,-103,1837
-130,1837,-100,1837
-130,1837,-98,1837
-129,1837,-95,1837
-128,1837,-92,1837
-126,1837,-88,1837
-122,1837,-84,1837
-118,1837,-80,1837
-112,1837,-75,1837
-106,1837,-69,1837
-98,1837,-63,1837
-89,1837,-55,1837
-78,1837,-47,1837
-67,1836,-38,1836
-54,1836,-28,1836
-41,1836,-17,1836
-26,1836,-5,1836
-10,1836,8,1836
6,1836,22,1836
23,1836,38,1836
41,1836,54,1836
59,1836,71,1836
77,1836,90,1836
96,1836,108,1836
115,1836,128,1836
134,1836,148,1836
153,1836,169,1836
172,1836,190,1836
191,1836,211,1836
210,1836,233,1836
229,1836,254,1836
249,1836,276,1836
268,1836,298,1836
287,1836,319,1836
307,1836,341,1836
326,1836,362,1836
346,1836,383,1836
367,1836,404,1836
387,1836,424,1836
409,1836,445,1836
430,1836,465,1836
453,1836,485,1836
475,1836,505,1836
498,1836,524,1836
522,1836,543,1836
546,1836,562,1836
570,1836,581,1836
595,1836,600,1836
619,1836,619,1836
643,1836,637,1836
667,1836,656,1836
691,1836,674,1836
713,1836,692,1836
736,1836,710,1836
757,1836,728,1836
777,1836,745,1836
795,1836,762,1836
813,1836,779,1836
829,1836,795,1836
843,1836,810,1836
856,1836,825,1836
868,1836,839,1836
878,1836,852,1836
887,1836,864,1836
895,1836,874,1836
902,1836,884,1836
907,1836,893,1836
912,1836,900,1836
916,1836,906,1836
919,1836,911,1836
922,1836,915,1836
924,1836,917,1836
925,1836,919,1836
926,1836,919,1836
927,1836,919,1836
927,1836,917,1836
927,1836,914,1836
926,1836,911,1836
925,1836,907,1836
923,1836,903,1836
921,1836,898,1836
918,1836,892,1836
914,1836,887,1836
910,1836,881,1836
904,1836,874,1836
899,1836,868,1836
892,1836,861,1836
885,1836,855,1836
877,1836,848,1836
868,1836,841,1836
859,1836,834,1836
850,1836,827,1836
840,1836,820,1836
830,1836,813,1836
820,1836,805,1836
810,1836,798,1836
801,1835,791,1835
791,1835,784,1835
782,1835,777,1835
773,1835,770,1835
765,1835,763,1835
757,1835,756,1835
750,1835,749,1835
743,1835,742,1835
737,1835,736,1835
731,1835,730,1835
726,1835,724,1835
721,1835,719,1835
717,1835,714,1835
713,1835,710,1835
710,1835,706,1835
707,1835,702,1835
705,1835,700,1835
704,1835,698,1835
703,1835,697,1835
703,1835,697,1835
703,1835,698,1835
705,1835,699,1835
707,1835,702,1835
709,1835,706,1835
713,1835,711,1835
717,1835,716,1835
722,1835,722,1835
728,1835,730,1835
734,1835,738,1835
741,1835,746,1835
749,1835,755,1835
757,1835,764,1835
766,1835,774,1835
775,1835,784,1835
785,1835,794,1835
794,1835,803,1835
804,1835,813,1835
813,1835,822,1835
823,1835,831,1835
832,1835,840,1835
841,1835,848,1835
849,1835,856,1835
857,1835,863,1835
864,1835,869,1835
870,1835,876,1835
876,1835,881,1835
881,1835,886,1835
886,1835,891,1835
889,1835,895,1835
892,1835,899,1835
894,1835,902,1835
895,1835,904,1835
895,1835,906,1835
894,1835,907,1835
892,1835,907,1835
890,1835,906,1835
887,1835,905,1835
883,1835,903,1835
878,1835,899,1835
872,1835,895,1835
866,1835,890,1835
859,1835,883,1835
852,1835,875,1835
844,1835,866,1835
836,1835,856,1835
827,1835,845,1835
817,1835,833,1835
808,1835,819,1835
797,1835,805,1835
787,1835,789,1835
776,1835,773,1835
764,1835,756,1835
752,1835,738,1835
739,1835,720,1835
726,1835,702,1835
712,1835,683,1835
697,1835,663,1835
681,1835,644,1835
665,1835,624,1835
647,1835,605,1835
629,1835,585,1835
610,1835,566,1835
589,1835,546,1835
568,1835,526,1835
546,1835,507,1835
523,1835,487,1835
500,1835,468,1835
475,1835,449,1835
450,1835,429,1835
425,1835,410,1835
399,1835,390,1835
374,1835,371,1835
348,1835,351,1835
322,1835,332,1835
297,1835,312,1835
272,1835,293,1835
247,1835,273,1835
223,1835,253,1835
200,1835,233,1835
177,1835,213,1835
155,1835,194,1835
134,1834,174,1834
114,1834,154,1834
95,1834,134,1834
77,1834,115,1834
59,1834,96,1834
42,1834,77,1834
27,1834,58,1834
11,1834,40,1834
-3,1834,22,1834
-17,1834,5,1834
-29,1834,-11,1834
-42,1834,-27,1834
-53,1834,-43,1834
-64,1834,-57,1834
-75,1834,-71,1834
-84,1834,-84,1834
-94,1834,-96,1834
-102,1834,-107,1834
-110,1834,-117,1834
-118,1834,-127,1834
-124,1834,-135,1834
-131,1834,-143,1834
-137,1834,-150,1834
-142,1834,-156,1834
-147,1834,-162,1834
-151,1834,-167,1834
-155,1834,-171,1834
-159,1834,-175,1834
-162,1834,-178,1834
-166,1834,-181,1834
-169,1834,-183,1834
-171,1834,-185,1834
-174,1834,-187,1834
-176,1834,-189,1834
-178,1834,-191,1834
-180,1834,-193,1834
-182,1834,-195,1834
-184,1834,-196,1834
-186,1834,-198,1834
-188,1834,-200,1834
-189,1834,-202,1834
-191,1834,-205,1834
-192,1834,-207,1834
-194,1834,-210,1834
-196,1834,-213,1834
-198,1834,-215,1834
-201,1834,-219,1834
-203,1834,-222,1834
-206,1834,-225,1834
-210,1834,-229,1834
-214,1834,-233,1834
-219,1834,-238,1834
-224,1834,-243,1834
-231,1834,-249,1834
-238,1834,-255,1834
-245,1834,-261,1834
-254,1834,-268,1834
-264,1834,-276,1834
-274,1834,-285,1834
-285,1834,-294,1834
-297,1834,-305,1834
-310,1834,-316,1834
-323,1834,-327,1834
-338,1834,-340,1834
-353,1834,-353,1834
-368,1834,-367,1834
-384,1834,-382,1834
-401,1834,-398,1834
-418,1834,-414,1834
-436,1834,-430,1834
-454,1834,-448,1834
-473,1834,-465,1834
-491,1834,-484,1834
-510,1834,-502,1834
-530,1834,-521,1834
-549,1834,-541,1834
-569,1834,-560,1834
-588,1834,-580,1834
-608,1834,-601,1834
-628,1834,-621,1834
-647,1834,-642,1834
-667,1834,-663,1834
-687,1834,-684,1834
-706,1834,-705,1834
-725,1834,-726,1834
-745,1834,-747,1834
-763,1834,-768,1834
-782,1834,-789,1834
-801,1834,-809,1834
-819,1834,-829,1834
-837,1834,-848,1834
-854,1834,-867,1834
-871,1834,-885,1834
-888,1834,-903,1834
-905,1834,-920,1834
-921,1834,-936,1834
-936,1834,-951,1834
-951,1834,-965,1834
-965,1834,-978,1834
-979,1834,-990,1834
-992,1834,-1001,1834
-1003,1834,-1012,1834
-1014,1834,-1021,1834
-1025,1834,-1030,1834
-1033,1834,-1037,1834
-1041,1834,-1044,1834
-1048,1834,-1050,1834
-1053,1834,-1055,1834
-1056,1834,-1059,1834
-1059,1834,-1063,1834
-1060,1834,-1065,1834
-1059,1834,-1066,1834
-1057,1834,-1067,1834
-1053,1834,-1066,1834
-1049,1834,-1065,1834
-1043,1834,-1063,1834
-1035,1834,-1059,1834
-1027,1834,-1055,1834
-1017,1834,-1049,1834
-1007,1834,-1043,1834
-995,1834,-1036,1834
-983,1834,-1028,1834
-970,1834,-1019,1834
-957,1834,-1009,1834
-943,1834,-998,1834
-929,1833,-987,1833
-914,1833,-976,1833
-900,1833,-964,1833
-886,1833,-951,1833
-872,1833,-939,1833
-858,1833,-926,1833
-844,1833,-913,1833
-831,1833,-901,1833
-818,1833,-888,1833
-806,1833,-875,1833
-794,1833,-863,1833
-783,1833,-851,1833
-773,1833,-839,1833
-763,1833,-827,1833
-753,1833,-815,1833
-744,1833,-803,1833
-736,1833,-792,1833
-728,1833,-780,1833
-720,1833,-769,1833
-714,1833,-757,1833
-707,1833,-746,1833
-701,1833,-735,1833
-695,1833,-724,1833
-690,1833,-713,1833
-685,1833,-702,1833
-680,1833,-692,1833
-676,1833,-682,1833
-671,1833,-672,1833
-667,1833,-663,1833
-664,1833,-655,1833
-660,1833,-647,1833
-656,1833,-640,1833
-653,1833,-634,1833
-650,1833,-629,1833
-648,1833,-625,1833
-645,1833,-623,1833
-643,1833,-621,1833
-641,1833,-620,1833
-640,1833,-620,1833
-639,1833,-622,1833
-638,1833,-624,1833
-638,1833,-627,1833
-638,1833,-630,1833
-639,1833,-634,1833
-640,1833,-639,1833
-641,1833,-644,1833
-642,1833,-649,1833
-644,1833,-654,1833
-645,1833,-659,1833
-647,1833,-664,1833
-649,1833,-668,1833
-651,1833,-672,1833
-652,1833,-676,1833
-654,1833,-679,1833
-656,1833,-682,1833
-657,1833,-684,1833
-659,1833,-686,1833
-660,1833,-686,1833
-661,1833,-687,1833
-662,1833,-686,1833
-662,1833,-685,1833
-662,1833,-683,1833
-662,1833,-681,1833
-662,1833,-678,1833
-661,1833,-675,1833
-660,1833,-671,1833
-658,1833,-666,1833
-656,1833,-661,1833
-653,1833,-656,1833
-650,1833,-650,1833
-646,1833,-644,1833
-641,1833,-637,1833
-635,1833,-630,1833
-629,1833,-622,1833
-622,1833,-614,1833
-614,1833,-605,1833
-604,1833,-596,1833
-594,1833,-587,1833
-583,1833,-577,1833
-571,1833,-567,1833
-558,1833,-556,1833
-544,1833,-545,1833
-529,1833,-534,1833
-513,1833,-522,1833
-496,1833,-509,1833
-478,1833,-496,1833
-459,1833,-482,1833
-439,1833,-467,1833
-419,1833,-452,1833
-398,1833,-436,1833
-376,1833,-418,1833
-353,1833,-400,1833
-330,1833,-381,1833
-307,1833,-361,1833
-283,1833,-340,1833
-259,1833,-318,1833
-235,1833,-295,1833
-210,1833,-271,1833
-186,1833,-247,1833
-161,1833,-222,1833
-137,1833,-196,1833
-112,1833,-170,1833
-88,1833,-144,1833
-63,1833,-117,1833
-39,1833,-90,1833
-15,1833,-64,1833
9,1833,-37,1833
32,1833,-11,1833
56,1833,14,1833
79,1833,39,1833
101,1833,64,1833
124,1833,88,1833
146,1833,111,1833
167,1833,133,1833
188,1833,155,1833
208,1833,176,1833
228,1833,196,1833
247,1833,215,1833
266,1833,234,1833
284,1833,252,1833
300,1833,269,1833
317,1833,285,1833
332,1833,301,1833
346,1833,316,1833
360,1833,330,1833
373,1833,344,1833
385,1833,357,1833
396,1833,368,1833
406,1833,379,1833
416,1833,390,1833
424,1833,399,1833
432,1833,408,1833
439,1833,416,1833
446,1833,423,1833
451,1833,429,1833
456,1833,435,1833
460,1833,440,1833
463,1833,445,1833
466,1833,450,1833
468,1833,454,1833
469,1833,457,1833
470,1833,461,1833
470,1833,464,1833
469,1833,467,1833
468,1833,469,1833
466,1833,472,1833
464,1833,474,1833
461,1833,476,1833
458,1833,478,1833
455,1833,480,1833
452,1833,481,1833
449,1833,482,1833
446,1833,484,1833
443,1833,485,1833
441,1833,486,1833
439,1833,486,1833
437,1833,487,1833
437,1833,488,1833
436,1833,489,1833
437,1833,490,1833
438,1833,491,1833
440,1833,492,1833
442,1833,493,1833
446,1833,495,1833
450,1833,498,1833
455,1833,501,1833
461,1833,504,1833
467,1833,508,1833
474,1833,512,1833
481,1832,517,1832
490,1832,523,1832
498,1832,529,1832
507,1832,536,1832
517,1832,543,1832
527,1832,550,1832
537,1832,559,1832
548,1832,567,1832
559,1832,576,1832
571,1832,585,1832
582,1832,595,1832
594,1832,605,1832
606,1832,615,1832
618,1832,626,1832
630,1832,637,1832
642,1832,649,1832
655,1832,661,1832
668,1832,673,1832
680,1832,686,1832
694,1832,699,1832
707,1832,713,1832
720,1832,727,1832
734,1832,742,1832
748,1832,757,1832
763,1832,773,1832
778,1832,789,1832
793,1832,805,1832
808,1832,821,1832
823,1832,838,1832
839,1832,854,1832
854,1832,871,1832
870,1832,887,1832
885,1832,903,1832
900,1832,919,1832
915,1832,934,1832
930,1832,949,1832
944,1832,963,1832
957,1832,976,1832
970,1832,989,1832
982,1832,1000,1832
992,1832,1011,1832
1002,1832,1022,1832
1011,1832,1031,1832
1018,1832,1039,1832
1025,1832,1046,1832
1030,1832,1053,1832
1034,1832,1058,1832
1037,1832,1063,1832
1040,1832,1066,1832
1041,1832,1069,1832
1041,1832,1070,1832
1040,1832,1071,1832
1039,1832,1071,1832
1037,1832,1069,1832
1034,1832,1067,1832
1031,1832,1063,1832
1027,1832,1059,1832
1023,1832,1053,1832
1018,1832,1047,1832
1013,1832,1039,1832
1007,1832,1031,1832
1000,1832,1021,1832
993,1832,1011,1832
985,1832,1000,1832
977,1832,989,1832
968,1832,976,1832
958,1832,963,1832
947,1832,949,1832
935,1832,935,1832
923,1832,921,1832
909,1832,906,1832
895,1832,891,1832
880,1832,875,1832
865,1832,860,1832
849,1832,844,1832
832,1832,828,1832
814,1832,812,1832
797,1832,796,1832
779,1832,779,1832
760,1832,763,1832
742,1832,747,1832
723,1832,731,1832
705,1832,714,1832
687,1832,699,1832
669,1832,683,1832
651,1832,667,1832
634,1832,652,1832
618,1832,637,1832
602,1832,623,1832
586,1832,609,1832
572,1832,595,1832
557,1832,582,1832
544,1832,569,1832
531,1832,556,1832
519,1832,544,1832
508,1832,533,1832
498,1832,521,1832
488,1832,511,1832
479,1832,501,1832
471,1832,491,1832
464,1832,482,1832
458,1832,473,1832
453,1832,465,1832
448,1832,458,1832
445,1832,451,1832
442,1832,445,1832
439,1832,440,1832
437,1832,436,1832
436,1832,432,1832
435,1832,430,1832
435,1832,428,1832
435,1832,427,1832
435,1832,426,1832
435,1832,427,1832
435,1832,428,1832
435,1832,430,1832
435,1832,432,1832
435,1832,435,1832
434,1832,438,1832
434,1832,441,1832
433,1832,444,1832
432,1832,447,1832
431,1832,450,1832
430,1832,453,1832
429,1832,455,1832
427,1832,457,1832
426,1832,457,1832
424,1832,458,1832
422,1832,457,1832
419,1832,456,1832
417,1832,455,1832
414,1832,452,1832
411,1832,449,1832
408,1832,445,1832
404,1832,440,1832
400,1832,435,1832
395,1832,429,1832
389,1832,422,1832
384,1832,414,1832
377,1832,406,1832
370,1832,397,1832
362,1832,387,1832
353,1832,376,1832
343,1832,365,1832
333,1832,352,1832
322,1832,339,1832
310,1832,325,1832
298,1832,310,1832
285,1832,294,1832
271,1832,277,1832
256,1832,259,1832
241,1832,241,1832
224,1832,222,1832
207,1832,202,1832
190,1832,181,1832
171,1832,159,1832
152,1832,137,1832
131,1832,115,1832
111,1832,92,1832
89,1832,69,1832
66,1832,45,1832
43,1832,22,1832
19,1832,-2,1832
-5,1832,-25,1832
-30,1832,-49,1832
-56,1832,-72,1832
-81,1832,-95,1832
-108,1832,-118,1832
-134,1832,-141,1832
-160,1832,-164,1832
-187,1832,-186,1832
-213,1832,-208,1832
-239,1832,-230,1832
-265,1832,-252,1832
-290,1832,-274,1832
-315,1832,-296,1832
-339,1832,-318,1832
-363,1832,-339,1832
-386,1832,-361,1832
-408,1832,-383,1832
-429,1832,-404,1832
-450,1832,-426,1832
-469,1832,-447,1832
-487,1832,-468,1832
-505,1832,-490,1832
-522,1832,-510,1832
-537,1832,-531,1832
-552,1832,-551,1832
-566,1832,-570,1832
-579,1832,-589,1832
-591,1832,-607,1832
-603,1832,-624,1832
-614,1832,-640,1832
-624,1832,-656,1832
-634,1832,-670,1832
-643,1832,-683,1832
-652,1832,-695,1832
-661,1832,-705,1832
-669,1832,-715,1832
-677,1832,-723,1832
-684,1832,-730,1832
-691,1832,-735,1832
-698,1832,-740,1832
-704,1832,-743,1832
-710,1832,-746,1832
-715,1832,-747,1832
-720,1832,-747,1832
-724,1832,-747,1832
-728,1832,-746,1832
-731,1832,-744,1832
-733,1832,-742,1832
-734,1832,-740,1832
-734,1832,-737,1832
-734,1832,-734,1832
-733,1832,-731,1832
-731,1832,-728,1832
-729,1832,-724,1832
-725,1832,-721,1832
-722,1832,-718,1832
-717,1832,-715,1832
-713,1832,-712,1832
-708,1832,-709,1832
-703,1832,-705,1832
-698,1832,-702,1832
-694,1832,-699,1832
-689,1832,-696,1832
-684,1832,-692,1832
-680,1832,-688,1832
-676,1832,-685,1832
-672,1832,-681,1832
-669,1832,-677,1832
-666,1832,-673,1832
-664,1832,-669,1832
-662,1832,-665,1832
-660,1832,-662,1832
-659,1832,-659,1832
-658,1832,-656,1832
-658,1832,-653,1832
-658,1832,-652,1832
-658,1832,-650,1832
-659,1832,-650,1832
-661,1832,-650,1832
-663,1832,-651,1832
-666,1832,-653,1832
-670,1832,-656,1832
-675,1832,-659,1832
-680,1832,-664,1832
-687,1832,-669,1832
-694,1832,-675,1832
-702,1832,-682,1832
-711,1832,-690,1832
-721,1832,-698,1832
-731,1832,-707,1832
-742,1832,-717,1832
-753,1832,-727,1832
-765,1831,-737,1831
-776,1831,-748,1831
-788,1831,-759,1831
-800,1831,-771,1831
-812,1831,-783,1831
-824,1831,-795,1831
-835,1831,-807,1831
-846,1831,-819,1831
-856,1831,-831,1831
-866,1831,-844,1831
-876,1831,-856,1831
-884,1831,-868,1831
-893,1831,-880,1831
-901,1831,-892,1831
-908,1831,-904,1831
-916,1831,-915,1831
-923,1831,-926,1831
-929,1831,-937,1831
-935,1831,-947,1831
-942,1831,-957,1831
-948,1831,-966,1831
-953,1831,-974,1831
-959,1831,-981,1831
-964,1831,-988,1831
-970,1831,-994,1831
-975,1831,-999,1831
-979,1831,-1003,1831
-983,1831,-1007,1831
-987,1831,-1009,1831
-990,1831,-1010,1831
-992,1831,-1010,1831
-994,1831,-1008,1831
-995,1831,-1006,1831
-995,1831,-1002,1831
-994,1831,-997,1831
-993,1831,-991,1831
-990,1831,-983,1831
-986,1831,-975,1831
-981,1831,-966,1831
-976,1831,-955,1831
-969,1831,-944,1831
-961,1831,-932,1831
-952,1831,-919,1831
-942,1831,-906,1831
-931,1831,-892,1831
-919,1831,-878,1831
-906,1831,-863,1831
-893,1831,-849,1831
-878,1831,-834,1831
-863,1831,-819,1831
-847,1831,-804,1831
-831,1831,-788,1831
-814,1831,-773,1831
-797,1831,-757,1831
-779,1831,-742,1831
-761,1831,-726,1831
-742,1831,-709,1831
-723,1831,-693,1831
-704,1831,-676,1831
-684,1831,-659,1831
-663,1831,-641,1831
-642,1831,-624,1831
-621,1831,-605,1831
-599,1831,-587,1831
-577,1831,-568,1831
-554,1831,-549,1831
-532,1831,-530,1831
-509,1831,-511,1831
-486,1831,-491,1831
-464,1831,-472,1831
-441,1831,-452,1831
-419,1831,-433,1831
-398,1831,-413,1831
-377,1831,-394,1831
-357,1831,-375,1831
-338,1831,-356,1831
-319,1831,-337,1831
-302,1831,-319,1831
-285,1831,-301,1831
-270,1831,-284,1831
-255,1831,-267,1831
-242,1831,-251,1831
-230,1831,-236,1831
-218,1831,-221,1831
-208,1831,-207,1831
-199,1831,-195,1831
-190,1831,-183,1831
-182,1831,-173,1831
-174,1831,-163,1831
-167,1831,-155,1831
-161,1831,-147,1831
-155,1831,-141,1831
-149,1831,-136,1831
-144,1831,-132,1831
-139,1831,-129,1831
-135,1831,-127,1831
-131,1831,-125,1831
-127,1831,-125,1831
-123,1831,-124,1831
-120,1831,-125,1831
-117,1831,-125,1831
-115,1831,-126,1831
-112,1831,-127,1831
-110,1831,-127,1831
-108,1831,-128,1831
-107,1831,-129,1831
-105,1831,-130,1831
-103,1831,-130,1831
-102,1831,-130,1831
-100,1831,-130,1831
-97,1831,-130,1831
-95,1831,-130,1831
-92,1831,-129,1831
-89,1831,-128,1831
-86,1831,-127,1831
-82,1831,-126,1831
-77,1831,-124,1831
-73,1831,-122,1831
-67,1831,-119,1831
-61,1831,-116,1831
-55,1831,-111,1831
-48,1831,-107,1831
-40,1831,-101,1831
-32,1831,-94,1831
-24,1831,-86,1831
-14,1831,-77,1831
-4,1831,-67,1831
6,1831,-56,1831
17,1831,-44,1831
29,1831,-30,1831
41,1831,-16,1831
53,1831,0,1831
67,1831,17,1831
80,1831,34,1831
94,1831,53,1831
109,1831,72,1831
124,1831,91,1831
140,1831,112,1831
156,1831,133,1831
172,1831,154,1831
189,1831,176,1831
206,1831,198,1831
223,1831,220,1831
241,1831,242,1831
259,1831,265,1831
277,1831,288,1831
295,1831,311,1831
314,1831,334,1831
333,1831,357,1831
352,1831,380,1831
371,1831,403,1831
391,1831,425,1831
412,1831,448,1831
432,1831,470,1831
453,1831,492,1831
474,1831,513,1831
495,1831,534,1831
517,1831,554,1831
538,1831,574,1831
560,1831,593,1831
581,1831,611,1831
603,1831,629,1831
624,1831,646,1831
645,1831,663,1831
665,1831,679,1831
684,1831,694,1831
704,1831,709,1831
722,1831,723,1831
740,1831,737,1831
757,1831,751,1831
773,1831,764,1831
789,1831,776,1831
804,1831,788,1831
818,1831,800,1831
832,1831,812,1831
844,1831,823,1831
856,1831,833,1831
867,1831,843,1831
877,1831,852,1831
886,1831,861,1831
895,1831,869,1831
902,1831,877,1831
908,1831,883,1831
914,1831,889,1831
918,1831,894,1831
921,1831,898,1831
923,1831,902,1831
924,1831,904,1831
924,1831,906,1831
923,1831,907,1831
920,1831,908,1831
917,1831,908,1831
913,1831,907,1831
907,1831,906,1831
901,1831,904,1831
894,1831,902,1831
886,1831,899,1831
878,1831,895,1831
869,1831,891,1831
859,1831,887,1831
850,1831,882,1831
840,1831,876,1831
830,1831,870,1831
819,1831,863,1831
809,1831,855,1831
799,1831,847,1831
789,1831,839,1831
779,1831,830,1831
769,1831,820,1831
759,1831,811,1831
749,1831,801,1831
740,1831,791,1831
731,1831,781,1831
723,1831,771,1831
715,1831,762,1831
707,1831,753,1831
701,1831,744,1831
695,1831,736,1831
689,1831,729,1831
685,1831,723,1831
682,1831,718,1831
679,1831,713,1831
678,1831,710,1831
677,1831,707,1831
678,1831,706,1831
679,1831,706,1831
682,1831,707,1831
685,1831,708,1831
689,1831,711,1831
694,1831,714,1831
699,1831,718,1831
705,1831,722,1831
712,1831,728,1831
718,1831,733,1831
725,1831,739,1831
733,1831,745,1831
740,1831,751,1831
748,1831,757,1831
755,1831,763,1831
762,1831,770,1831
769,1831,776,1831
776,1831,782,1831
783,1831,788,1831
789,1831,794,1831
795,1831,799,1831
801,1831,805,1831
807,1831,810,1831
812,1831,816,1831
817,1831,821,1831
821,1831,826,1831
826,1831,831,1831
830,1831,835,1831
834,1831,840,1831
838,1831,845,1831
841,1831,850,1831
845,1831,855,1831
848,1831,859,1831
851,1831,863,1831
854,1831,868,1831
856,1831,872,1831
858,1831,875,1831
860,1831,878,1831
862,1831,881,1831
863,1831,883,1831
864,1831,884,1831
865,1831,884,1831
864,1831,884,1831
864,1831,883,1831
862,1831,881,1831
860,1831,878,1831
857,1831,874,1831
852,1831,868,1831
847,1831,862,1831
841,1831,855,1831
834,1831,847,1831
826,1831,837,1831
816,1831,826,1831
806,1831,814,1831
794,1831,801,1831
782,1831,787,1831
768,1831,772,1831
753,1831,755,1831
737,1831,737,1831
721,1831,718,1831
703,1831,699,1831
685,1831,678,1831
667,1831,656,1831
647,1831,633,1831
628,1831,610,1831
608,1831,586,1831
587,1831,561,1831
566,1831,536,1831
545,1831,511,1831
524,1831,485,1831
502,1831,460,1831
480,1831,435,1831
458,1831,409,1831
436,1831,385,1831
414,1831,360,1831
391,1831,337,1831
368,1831,314,1831
345,1831,292,1831
322,1831,270,1831
299,1831,249,1831
275,1831,229,1831
252,1831,210,1831
229,1831,192,1831
206,1831,174,1831
183,1831,157,1831
160,1831,140,1831
138,1831,124,1831
116,1831,109,1831
95,1831,94,1831
75,1831,79,1831
55,1831,65,1831
35,1831,51,1831
17,1831,37,1831
0,1831,23,1831
-17,1831,10,1831
-33,1831,-3,1831
-47,1831,-16,1831
-61,1831,-29,1831
-74,1831,-42,1831
-85,1831,-54,1831
-96,1831,-66,1831
-105,1831,-78,1831
-114,1831,-89,1831
-122,1831,-100,1831
-129,1831,-110,1831
-135,1831,-120,1831
-140,1831,-129,1831
-144,1831,-137,1831
-148,1831,-144,1831
-151,1831,-151,1831
-154,1831,-156,1831
-156,1831,-160,1831
-158,1831,-164,1831
-159,1831,-166,1831
-160,1831,-168,1831
-160,1831,-169,1831
-161,1831,-169,1831
-161,1831,-169,1831
-161,1831,-168,1831
-160,1831,-167,1831
-160,1831,-166,1831
-160,1831,-164,1831
-160,1831,-163,1831
-160,1831,-162,1831
-160,1831,-161,1831
-161,1831,-161,1831
-162,1831,-161,1831
-164,1831,-162,1831
-166,1831,-163,1831
-168,1831,-166,1831
-171,1831,-169,1831
-175,1831,-172,1831
-180,1831,-177,1831
-185,1831,-182,1831
-191,1831,-189,1831
-198,1831,-196,1831
-205,1831,-203,1831
-213,1831,-212,1831
-222,1831,-221,1831
-231,1831,-230,1831
-242,1831,-241,1831
-252,1831,-251,1831
-263,1831,-263,1831
-275,1831,-275,1831
-287,1831,-287,1831
-300,1831,-300,1831
-313,1831,-314,1831
-326,1831,-328,1831
-339,1831,-342,1831
-353,1831,-357,1831
-368,1831,-372,1831
-382,1831,-388,1831
-397,1831,-404,1831
-412,1831,-421,1831
-427,1831,-438,1831
-443,1831,-455,1831
-459,1831,-473,1831
-475,1831,-491,1831
-491,1831,-510,1831
-508,1831,-529,1831
-525,1831,-548,1831
-543,1831,-568,1831
-561,1831,-588,1831
-579,1831,-608,1831
-597,1831,-629,1831
-616,1831,-650,1831
-635,1831,-671,1831
-655,1831,-692,1831
-675,1831,-714,1831
-694,1831,-735,1831
-714,1831,-756,1831
-734,1831,-777,1831
-754,1831,-797,1831
-774,1831,-817,1831
-794,1831,-836,1831
-813,1831,-855,1831
-832,1831,-873,1831
-851,1831,-890,1831
-869,1831,-906,1831
-886,1831,-921,1831
-903,1831,-935,1831
-919,1831,-947,1831
-934,1831,-959,1831
-949,1831,-969,1831
-963,1831,-978,1831
-977,1831,-986,1831
-989,1831,-993,1831
-1001,1831,-999,1831
-1012,1831,-1004,1831
-1022,1831,-1009,1831
-1031,1831,-1012,1831
-1039,1831,-1016,1831
-1047,1831,-1018,1831
-1053,1831,-1021,1831
-1058,1831,-1023,1831
-1062,1831,-1024,1831
-1065,1831,-1026,1831
-1067,1831,-1027,1831
-1068,1831,-1028,1831
-1068,1831,-1028,1831
-1066,1831,-1028,1831
-1063,1831,-1028,1831
-1058,1831,-1027,1831
-1053,1831,-1025,1831
-1046,1831,-1023,1831
-1038,1831,-1020,1831
-1029,1831,-1015,1831
-1019,1831,-1010,1831
-1008,1831,-1003,1831
-996,1831,-996,1831
-984,1831,-987,1831
-971,1831,-977,1831
-958,1831,-967,1831
-944,1831,-955,1831
-930,1831,-942,1831
-916,1831,-929,1831
-902,1831,-914,1831
-888,1831,-899,1831
-874,1831,-884,1831
-860,1831,-869,1831
-846,1831,-853,1831
-833,1831,-838,1831
-820,1831,-822,1831
-807,1831,-807,1831
-794,1831,-792,1831
-782,1831,-778,1831
-770,1831,-764,1831
-759,1831,-751,1831
-747,1831,-739,1831
-737,1831,-727,1831
-726,1831,-716,1831
-717,1831,-706,1831
-707,1831,-696,1831
-699,1831,-687,1831
-690,1831,-679,1831
-683,1831,-672,1831
-675,1831,-665,1831
-669,1831,-659,1831
-663,1831,-654,1831
-658,1831,-649,1831
-653,1831,-645,1831
-649,1831,-642,1831
-645,1831,-639,1831
-642,1831,-636,1831
-640,1831,-634,1831
-638,1831,-633,1831
-636,1831,-632,1831
-635,1831,-631,1831
-635,1831,-631,1831
-634,1831,-631,1831
-634,1831,-631,1831
-635,1831,-632,1831
-636,1831,-633,1831
-636,1831,-635,1831
-637,1831,-636,1831
-638,1831,-638,1831
-639,1831,-640,1831
-640,1831,-642,1831
-642,1831,-645,1831
-643,1831,-647,1831
-644,1831,-650,1831
-645,1831,-652,1831
-646,1831,-655,1831
-646,1831,-658,1831
-647,1831,-660,1831
-648,1831,-663,1831
-648,1831,-665,1831
-649,1831,-667,1831
-649,1831,-670,1831
-649,1831,-671,1831
-649,1831,-673,1831
-648,1831,-674,1831
-647,1831,-675,1831
-646,1831,-676,1831
-644,1831,-676,1831
-642,1831,-676,1831
-639,1831,-675,1831
-636,1831,-673,1831
-632,1831,-671,1831
-628,1831,-668,1831
-623,1831,-664,1831
-618,1831,-659,1831
-612,1831,-654,1831
-605,1831,-647,1831
-597,1831,-640,1831
-590,1831,-632,1831
-581,1831,-622,1831
-572,1831,-612,1831
-563,1831,-600,1831
-553,1831,-588,1831
-543,1831,-574,1831
-532,1831,-560,1831
-520,1831,-545,1831
-509,1831,-528,1831
-496,1831,-512,1831
-483,1831,-494,1831
-470,1831,-476,1831
-456,1831,-457,1831
-441,1831,-437,1831
-425,1831,-417,1831
-408,1831,-397,1831
-390,1831,-376,1831
-371,1831,-356,1831
-351,1831,-334,1831
-329,1831,-313,1831
-307,1831,-291,1831
-283,1831,-269,1831
-259,1831,-247,1831
-233,1831,-225,1831
-206,1831,-202,1831
-179,1831,-179,1831
-151,1831,-156,1831
-123,1831,-132,1831
-94,1831,-108,1831
-65,1831,-84,1831
-37,1831,-60,1831
-8,1831,-35,1831
20,1831,-10,1831
47,1831,16,1831
74,1831,41,1831
100,1831,66,1831
126,1831,92,1831
150,1831,117,1831
174,1831,141,1831
197,1831,165,1831
219,1830,189,1830
240,1830,211,1830
260,1830,234,1830
279,1830,255,1830
298,1830,275,1830
316,1830,294,1830
333,1830,312,1830
349,1830,329,1830
365,1830,345,1830
380,1830,360,1830
394,1830,374,1830
408,1830,388,1830
420,1830,400,1830
432,1830,411,1830
443,1830,422,1830
452,1830,432,1830
461,1830,441,1830
469,1830,449,1830
476,1830,458,1830
482,1830,465,1830
487,1830,472,1830
492,1830,479,1830
495,1830,485,1830
498,1830,490,1830
501,1830,495,1830
502,1830,500,1830
504,1830,503,1830
504,1830,506,1830
505,1830,509,1830
505,1830,511,1830
504,1830,512,1830
504,1830,512,1830
503,1830,512,1830
502,1830,512,1830
501,1830,510,1830
499,1830,509,1830
498,1830,507,1830
496,1830,504,1830
494,1830,502,1830
492,1830,499,1830
491,1830,496,1830
489,1830,493,1830
487,1830,491,1830
485,1830,489,1830
484,1830,486,1830
483,1830,485,1830
482,1830,483,1830
482,1830,483,1830
482,1830,483,1830
483,1830,483,1830
485,1830,484,1830
487,1830,486,1830
490,1830,488,1830
494,1830,491,1830
498,1830,495,1830
504,1830,500,1830
510,1830,505,1830
517,1830,511,1830
526,1830,518,1830
535,1830,525,1830
544,1830,534,1830
555,1830,543,1830
566,1830,552,1830
578,1830,563,1830
591,1830,575,1830
604,1830,587,1830
618,1830,600,1830
633,1830,613,1830
648,1830,627,1830
663,1830,642,1830
679,1830,658,1830
695,1830,674,1830
711,1830,690,1830
727,1830,707,1830
743,1830,724,1830
760,1830,742,1830
776,1830,759,1830
791,1830,777,1830
807,1830,795,1830
821,1830,812,1830
836,1830,830,1830
849,1830,847,1830
862,1830,864,1830
874,1830,880,1830
886,1830,896,1830
897,1830,912,1830
907,1830,927,1830
917,1830,941,1830
926,1830,955,1830
934,1830,969,1830
943,1830,981,1830
950,1830,993,1830
958,1830,1005,1830
966,1830,1015,1830
973,1830,1025,1830
980,1830,1034,1830
988,1830,1042,1830
995,1830,1050,1830
1002,1830,1057,1830
1009,1830,1064,1830
1016,1830,1069,1830
1022,1830,1074,1830
1029,1830,1079,1830
1034,1830,1082,1830
1039,1830,1085,1830
1044,1830,1088,1830
1048,1830,1089,1830
1051,1830,1090,1830
1053,1830,1090,1830
1054,1830,1090,1830
1053,1830,1088,1830
1052,1830,1085,1830
1049,1830,1081,1830
1045,1830,1076,1830
1040,1830,1070,1830
1034,1830,1063,1830
1027,1830,1054,1830
1018,1830,1044,1830
1009,1830,1032,1830
998,1830,1019,1830
987,1830,1005,1830
974,1830,990,1830
961,1830,973,1830
948,1830,955,1830
933,1830,936,1830
918,1830,917,1830
903,1830,896,1830
887,1830,875,1830
870,1830,854,1830
853,1830,833,1830
836,1830,811,1830
819,1830,790,1830
801,1830,769,1830
784,1830,748,1830
766,1830,728,1830
748,1830,709,1830
731,1830,690,1830
714,1830,671,1830
697,1830,654,1830
680,1830,637,1830
664,1830,620,1830
649,1830,605,1830
634,1830,590,1830
620,1830,575,1830
606,1830,561,1830
593,1830,547,1830
581,1830,534,1830
569,1830,522,1830
558,1830,510,1830
548,1830,498,1830
539,1830,487,1830
530,1830,476,1830
521,1830,466,1830
513,1830,457,1830
506,1830,448,1830
499,1830,439,1830
493,1830,432,1830
487,1830,425,1830
481,1830,419,1830
476,1830,414,1830
472,1830,409,1830
467,1830,406,1830
463,1830,403,1830
459,1830,401,1830
456,1830,400,1830
453,1830,399,1830
450,1830,399,1830
447,1830,400,1830
444,1830,401,1830
441,1830,403,1830
438,1830,405,1830
435,1830,407,1830
433,1830,409,1830
430,1830,411,1830
427,1830,413,1830
424,1830,415,1830
420,1830,416,1830
417,1830,417,1830
413,1830,417,1830
410,1830,418,1830
406,1830,417,1830
403,1830,416,1830
399,1830,414,1830
396,1830,412,1830
392,1830,409,1830
389,1830,406,1830
385,1830,402,1830
382,1830,398,1830
379,1830,393,1830
376,1830,387,1830
372,1830,381,1830
368,1830,374,1830
364,1830,367,1830
359,1830,359,1830
354,1830,351,1830
348,1830,342,1830
341,1830,332,1830
334,1830,322,1830
325,1830,311,1830
315,1830,299,1830
303,1830,287,1830
291,1830,273,1830
277,1830,259,1830
263,1830,244,1830
246,1830,229,1830
229,1830,212,1830
211,1830,195,1830
192,1830,178,1830
172,1830,159,1830
151,1830,140,1830
129,1830,121,1830
107,1830,101,1830
85,1830,81,1830
62,1830,60,1830
39,1830,39,1830
15,1830,18,1830
-9,1830,-4,1830
-33,1830,-25,1830
-57,1830,-48,1830
-81,1830,-70,1830
-105,1830,-93,1830
-129,1830,-115,1830
-154,1830,-138,1830
-178,1830,-162,1830
-202,1830,-185,1830
-226,1830,-209,1830
-250,1830,-232,1830
-274,1830,-256,1830
-298,1830,-279,1830
-321,1830,-303,1830
-344,1830,-326,1830
-366,1830,-349,1830
-388,1830,-371,1830
-409,1830,-393,1830
-430,1830,-415,1830
-450,1830,-436,1830
-469,1830,-456,1830
-488,1830,-476,1830
-506,1830,-495,1830
-523,1830,-514,1830
-539,1830,-531,1830
-555,1830,-548,1830
-569,1830,-564,1830
-584,1830,-579,1830
-597,1830,-594,1830
-610,1830,-608,1830
-623,1830,-621,1830
-635,1830,-633,1830
-646,1830,-645,1830
-657,1830,-655,1830
-667,1830,-665,1830
-676,1830,-674,1830
-685,1830,-683,1830
-693,1830,-690,1830
-701,1830,-697,1830
-707,1830,-703,1830
-713,1830,-708,1830
-718,1830,-713,1830
-723,1830,-717,1830
-726,1830,-720,1830
-729,1830,-722,1830
-731,1830,-724,1830
-732,1830,-725,1830
-733,1830,-726,1830
-733,1830,-727,1830
-733,1830,-727,1830
-732,1830,-727,1830
-731,1830,-727,1830
-729,1830,-727,1830
-728,1830,-727,1830
-726,1830,-726,1830
-724,1830,-726,1830
-721,1830,-726,1830
-719,1830,-725,1830
-717,1830,-725,1830
-715,1830,-724,1830
-713,1830,-723,1830
-710,1830,-722,1830
-708,1830,-721,1830
-706,1830,-720,1830
-704,1830,-718,1830
-702,1830,-716,1830
-700,1830,-713,1830
-698,1830,-711,1830
-697,1830,-708,1830
-695,1830,-705,1830
-694,1830,-702,1830
-693,1830,-699,1830
-692,1830,-695,1830
-691,1830,-692,1830
-691,1830,-690,1830
-691,1830,-687,1830
-692,1830,-685,1830
-693,1830,-684,1830
-695,1830,-683,1830
-697,1830,-682,1830
-700,1830,-683,1830
-703,1830,-684,1830
-707,1830,-685,1830
-711,1830,-688,1830
-715,1830,-691,1830
-721,1830,-695,1830
-726,1830,-700,1830
-732,1830,-706,1830
-738,1830,-712,1830
-745,1830,-719,1830
-752,1830,-726,1830
-760,1830,-734,1830
-768,1830,-743,1830
-776,1830,-752,1830
-785,1830,-761,1830
-794,1830,-771,1830
-804,1830,-780,1830
-813,1830,-790,1830
-823,1830,-800,1830
-834,1830,-811,1830
-845,1830,-821,1830
-856,1830,-831,1830
-867,1830,-842,1830
-878,1830,-852,1830
-890,1830,-862,1830
-901,1830,-872,1830
-913,1830,-882,1830
-924,1830,-892,1830
-936,1830,-901,1830
-947,1830,-910,1830
-958,1830,-919,1830
-969,1830,-928,1830
-979,1830,-936,1830
-989,1830,-944,1830
-998,1830,-951,1830
-1007,1830,-958,1830
-1015,1830,-964,1830
-1023,1830,-970,1830
-1029,1830,-974,1830
-1035,1830,-978,1830
-1040,1830,-982,1830
-1044,1830,-984,1830
-1047,1830,-986,1830
-1050,1830,-987,1830
-1051,1830,-987,1830
-1051,1830,-986,1830
-1049,1830,-984,1830
-1047,1830,-982,1830
-1044,1830,-979,1830
-1039,1830,-975,1830
-1034,1830,-970,1830
-1027,1830,-965,1830
-1019,1830,-959,1830
-1011,1830,-952,1830
-1001,1830,-945,1830
-990,1830,-937,1830
-977,1830,-929,1830
-964,1830,-920,1830
-950,1830,-911,1830
-935,1830,-901,1830
-920,1830,-891,1830
-903,1830,-880,1830
-886,1830,-868,1830
-868,1830,-856,1830
-850,1830,-843,1830
-831,1830,-829,1830
-811,1830,-814,1830
-791,1830,-798,1830
-771,1830,-782,1830
-750,1830,-765,1830
-729,1830,-747,1830
-708,1830,-728,1830
-686,1830,-708,1830
-664,1830,-688,1830
-642,1830,-667,1830
-619,1830,-645,1830
-597,1830,-624,1830
-574,1830,-601,1830
-551,1830,-579,1830
-528,1830,-557,1830
-505,1830,-534,1830
-483,1830,-512,1830
-461,1830,-490,1830
-439,1830,-468,1830
-417,1830,-447,1830
-396,1830,-426,1830
-376,1830,-406,1830
-356,1830,-386,1830
-337,1830,-366,1830
-318,1830,-348,1830
-301,1830,-330,1830
-284,1830,-312,1830
-268,1830,-296,1830
-253,1830,-280,1830
-238,1830,-265,1830
-224,1830,-250,1830
-211,1830,-236,1830
-198,1830,-223,1830
-186,1830,-211,1830
-174,1830,-200,1830
-163,1830,-189,1830
-153,1830,-179,1830
-142,1830,-170,1830
-132,1830,-162,1830
-123,1830,-155,1830
-114,1830,-149,1830
-105,1830,-143,1830
-96,1830,-139,1830
-89,1830,-135,1830
-81,1830,-131,1830
-74,1830,-129,1830
-68,1830,-127,1830
-62,1830,-125,1830
-57,1830,-124,1830
-53,1830,-123,1830
-49,1830,-121,1830
-46,1830,-120,1830
-43,1830,-119,1830
-41,1830,-117,1830
-40,1830,-115,1830
-38,1830,-112,1830
-37,1830,-109,1830
-36,1830,-105,1830
-36,1830,-101,1830
-35,1830,-97,1830
-35,1830,-92,1830
-34,1830,-87,1830
-34,1830,-81,1830
-33,1830,-76,1830
-33,1830,-70,1830
-31,1830,-64,1830
-30,1830,-58,1830
-29,1830,-52,1830
-27,1830,-46,1830
-24,1830,-40,1830
-22,1830,-34,1830
-18,1830,-28,1830
-14,1830,-21,1830
-10,1830,-14,1830
-5,1830,-7,1830
1,1830,1,1830
8,1830,10,1830
16,1830,20,1830
24,1830,31,1830
34,1830,43,1830
44,1830,56,1830
56,1830,71,1830
68,1830,86,1830
82,1830,103,1830
96,1830,121,1830
112,1830,140,1830
128,1830,159,1830
146,1830,180,1830
164,1830,201,1830
183,1830,223,1830
203,1830,246,1830
223,1830,268,1830
244,1830,291,1830
265,1830,313,1830
287,1830,336,1830
309,1830,358,1830
331,1830,380,1830
354,1830,401,1830
377,1830,422,1830
399,1830,442,1830
422,1830,462,1830
445,1830,481,1830
467,1830,500,1830
490,1830,518,1830
513,1830,536,1830
535,1830,553,1830
557,1830,570,1830
579,1830,587,1830
601,1830,604,1830
623,1830,621,1830
645,1830,637,1830
666,1830,654,1830
687,1830,670,1830
708,1830,687,1830
729,1830,704,1830
749,1830,720,1830
769,1830,737,1830
789,1830,754,1830
808,1830,770,1830
826,1830,786,1830
844,1830,802,1830
861,1830,818,1830
878,1830,833,1830
893,1830,847,1830
908,1830,861,1830
921,1830,874,1830
933,1830,886,1830
944,1830,897,1830
954,1830,907,1830
962,1830,915,1830
969,1830,923,1830
975,1830,930,1830
979,1830,935,1830
982,1830,940,1830
984,1830,943,1830
984,1830,945,1830
983,1830,947,1830
982,1830,947,1830
979,1830,947,1830
975,1830,945,1830
970,1830,944,1830
964,1830,941,1830
958,1830,938,1830
951,1830,934,1830
944,1830,929,1830
936,1830,924,1830
928,1830,918,1830
919,1830,912,1830
910,1830,905,1830
901,1830,898,1830
891,1830,890,1830
881,1830,881,1830
871,1830,873,1830
861,1830,863,1830
850,1830,854,1830
840,1830,844,1830
829,1830,835,1830
818,1830,825,1830
807,1830,816,1830
796,1830,807,1830
785,1830,797,1830
775,1830,789,1830
764,1830,780,1830
754,1830,773,1830
745,1830,765,1830
736,1830,758,1830
728,1830,752,1830
720,1830,746,1830
713,1830,740,1830
707,1830,735,1830
702,1830,731,1830
698,1830,726,1830
694,1830,722,1830
692,1830,719,1830
690,1830,715,1830
689,1830,712,1830
689,1830,709,1830
689,1830,707,1830
690,1830,705,1830
691,1830,704,1830
693,1830,703,1830
695,1830,702,1830
698,1830,703,1830
701,1830,703,1830
704,1830,705,1830
707,1830,707,1830
711,1830,710,1830
714,1830,713,1830
718,1830,717,1830
723,1830,722,1830
727,1830,727,1830
732,1830,733,1830
737,1830,739,1830
742,1830,746,1830
748,1830,753,1830
754,1830,761,1830
760,1830,768,1830
766,1830,776,1830
772,1830,784,1830
779,1830,791,1830
785,1830,799,1830
792,1830,807,1830
798,1830,815,1830
805,1830,822,1830
810,1830,829,1830
816,1830,836,1830
821,1830,842,1830
826,1830,848,1830
830,1830,854,1830
834,1830,859,1830
836,1830,863,1830
838,1830,867,1830
840,1830,870,1830
840,1830,872,1830
840,1830,873,1830
839,1830,873,1830
837,1830,871,1830
835,1830,869,1830
831,1830,866,1830
826,1830,861,1830
821,1830,855,1830
814,1830,848,1830
807,1830,839,1830
798,1830,830,1830
789,1830,819,1830
778,1830,807,1830
766,1830,795,1830
753,1830,781,1830
739,1830,766,1830
724,1830,751,1830
708,1830,736,1830
691,1830,719,1830
673,1830,702,1830
654,1830,685,1830
635,1830,668,1830
615,1830,650,1830
594,1830,631,1830
573,1830,613,1830
551,1830,594,1830
529,1830,575,1830
507,1830,555,1830
485,1830,535,1830
462,1830,515,1830
439,1830,494,1830
417,1830,473,1830
394,1830,451,1830
371,1830,429,1830
349,1830,407,1830
326,1830,384,1830
304,1830,361,1830
282,1830,338,1830
260,1830,314,1830
238,1830,291,1830
217,1830,267,1830
196,1830,243,1830
175,1830,220,1830
154,1830,197,1830
134,1830,174,1830
114,1830,151,1830
95,1830,129,1830
76,1830,108,1830
57,1830,86,1830
39,1830,66,1830
21,1830,46,1830
3,1830,27,1830
-14,1830,8,1830
-30,1830,-10,1830
-46,1830,-27,1830
-62,1830,-44,1830
-76,1830,-61,1830
-91,1830,-77,1830
-105,1830,-92,1830
-118,1830,-107,1830
-131,1830,-121,1830
-143,1830,-135,1830
-155,1830,-148,1830
-166,1830,-160,1830
-176,1830,-172,1830
-186,1830,-183,1830
-195,1830,-193,1830
-204,1830,-203,1830
-212,1830,-211,1830
-219,1830,-219,1830
-226,1830,-225,1830
-232,1830,-231,1830
-238,1830,-236,1830
-242,1830,-240,1830
-247,1830,-243,1830
-250,1830,-245,1830
-254,1830,-247,1830
-256,1830,-248,1830
-258,1830,-248,1830
-260,1830,-248,1830
-261,1830,-248,1830
-262,1830,-248,1830
-262,1830,-248,1830
-262,1830,-247,1830
-262,1830,-247,1830
-262,1830,-247,1830
-262,1830,-248,1830
-261,1830,-248,1830
-261,1830,-249,1830
-260,1830,-250,1830
-260,1830,-252,1830
-260,1830,-254,1830
-260,1830,-256,1830
-261,1830,-258,1830
-262,1830,-261,1830
-264,1830,-264,1830
-266,1830,-267,1830
-269,1830,-270,1830
-272,1830,-274,1830
-277,1830,-278,1830
-281,1830,-282,1830
-287,1830,-287,1830
-294,1830,-292,1830
-301,1830,-298,1830
-310,1830,-304,1830
-319,1830,-310,1830
-329,1830,-318,1830
-341,1830,-326,1830
-353,1830,-335,1830
-366,1830,-345,1830
-381,1830,-356,1830
-396,1830,-368,1830
-412,1830,-381,1830
-428,1830,-395,1830
-445,1830,-409,1830
-463,1830,-425,1830
-482,1830,-442,1830
-500,1830,-460,1830
-519,1830,-478,1830
-538,1830,-497,1830
-556,1830,-517,1830
-575,1830,-538,1830
-593,1830,-559,1830
-611,1830,-581,1830
-629,1830,-603,1830
-646,1830,-626,1830
-663,1830,-649,1830
-680,1830,-672,1830
-697,1830,-695,1830
-713,1830,-718,1830
-729,1830,-741,1830
-745,1830,-764,1830
-761,1830,-786,1830
-777,1830,-808,1830
-793,1830,-830,1830
-810,1830,-851,1830
-826,1830,-871,1830
-843,1830,-890,1830
-859,1830,-908,1830
-876,1830,-925,1830
-893,1830,-941,1830
-909,1830,-956,1830
-925,1830,-970,1830
-941,1830,-982,1830
-957,1830,-993,1830
-971,1830,-1003,1830
-985,1830,-1012,1830
-997,1830,-1019,1830
-1009,1830,-1026,1830
-1020,1830,-1031,1830
-1029,1830,-1036,1830
-1036,1830,-1040,1830
-1043,1830,-1043,1830
-1048,1830,-1045,1830
-1052,1830,-1047,1830
-1054,1830,-1048,1830
-1056,1830,-1049,1830
-1056,1830,-1048,1830
-1055,1830,-1048,1830
-1053,1830,-1046,1830
-1051,1830,-1044,1830
-1047,1830,-1042,1830
-1043,1830,-1039,1830
-1038,1830,-1035,1830
-1032,1830,-1030,1830
-1025,1830,-1024,1830
-1018,1830,-1018,1830
-1011,1830,-1011,1830
-1003,1830,-1004,1830
-994,1830,-995,1830
-985,1830,-987,1830
-976,1830,-977,1830
-966,1830,-967,1830
-955,1830,-956,1830
-945,1830,-946,1830
-934,1830,-935,1830
-922,1830,-923,1830
-911,1830,-912,1830
-899,1830,-900,1830
-887,1830,-888,1830
-874,1830,-877,1830
-862,1830,-865,1830
-849,1830,-853,1830
-836,1830,-842,1830
-823,1830,-831,1830
-809,1830,-819,1830
-796,1830,-808,1830
-783,1830,-797,1830
-770,1830,-787,1830
-757,1830,-776,1830
-744,1830,-766,1830
-732,1830,-755,1830
-720,1830,-745,1830
-709,1830,-735,1830
-698,1830,-725,1830
-687,1830,-715,1830
-677,1830,-706,1830
-668,1830,-696,1830
-660,1830,-687,1830
-652,1830,-678,1830
-644,1830,-670,1830
-638,1830,-662,1830
-632,1830,-654,1830
-627,1830,-647,1830
-622,1830,-640,1830
-618,1830,-634,1830
-615,1830,-628,1830
-612,1830,-623,1830
-609,1830,-619,1830
-607,1830,-615,1830
-606,1830,-612,1830
-604,1830,-610,1830
-603,1830,-609,1830
-603,1830,-608,1830
-602,1830,-608,1830
-602,1830,-609,1830
-602,1830,-610,1830
-602,1830,-612,1830
-603,1830,-615,1830
-604,1830,-618,1830
-604,1830,-621,1830
-606,1830,-625,1830
-607,1830,-629,1830
-609,1830,-633,1830
-610,1830,-636,1830
-612,1830,-640,1830
-614,1830,-643,1830
-616,1830,-646,1830
-618,1830,-649,1830
-619,1830,-651,1830
-621,1830,-652,1830
-622,1830,-653,1830
-623,1830,-654,1830
-623,1830,-653,1830
-623,1830,-652,1830
-623,1830,-650,1830
-621,1830,-647,1830
-620,1830,-644,1830
-617,1830,-640,1830
-614,1830,-635,1830
-610,1830,-629,1830
-606,1830,-622,1830
-600,1830,-615,1830
-594,1830,-607,1830
-587,1830,-598,1830
-579,1830,-589,1830
-570,1830,-579,1830
-561,1830,-568,1830
-550,1830,-556,1830
-539,1830,-544,1830
-527,1830,-532,1830
-514,1830,-519,1830
-500,1830,-505,1830
-485,1830,-491,1830
-470,1830,-476,1830
-453,1830,-460,1830
-436,1830,-444,1830
-418,1830,-428,1830
-399,1830,-411,1830
-379,1830,-393,1830
-359,1830,-374,1830
-338,1830,-355,1830
-316,1830,-335,1830
-293,1830,-315,1830
-270,1830,-293,1830
-246,1830,-272,1830
-222,1830,-249,1830
-197,1830,-226,1830
-172,1830,-203,1830
-147,1830,-179,1830
-121,1830,-155,1830
-96,1830,-131,1830
-70,1830,-107,1830
-44,1830,-82,1830
-19,1830,-58,1830
6,1830,-33,1830
31,1830,-9,1830
56,1830,15,1830
81,1830,40,1830
105,1830,63,1830
128,1830,87,1830
151,1830,111,1830
174,1830,134,1830
195,1830,157,1830
216,1830,180,1830
237,1830,202,1830
257,1830,224,1830
276,1830,246,1830
294,1830,267,1830
312,1830,288,1830
329,1830,308,1830
345,1830,327,1830
360,1830,346,1830
375,1830,364,1830
389,1830,381,1830
402,1830,397,1830
415,1830,412,1830
427,1830,426,1830
438,1830,439,1830
449,1830,451,1830
459,1830,462,1830
469,1830,473,1830
479,1830,482,1830
487,1830,491,1830
496,1830,499,1830
504,1830,506,1830
511,1830,513,1830
518,1830,519,1830
524,1830,525,1830
529,1830,530,1830
534,1830,534,1830
539,1830,538,1830
542,1830,541,1830
545,1830,544,1830
547,1830,546,1830
548,1830,547,1830
549,1830,547,1830
549,1830,547,1830
548,1830,546,1830
547,1830,545,1830
545,1830,543,1830
543,1830,540,1830
540,1830,537,1830
537,1830,534,1830
534,1830,531,1830
531,1830,528,1830
528,1830,525,1830
525,1830,523,1830
523,1830,521,1830
520,1830,519,1830
518,1830,518,1830
517,1830,518,1830
516,1830,519,1830
516,1830,520,1830
516,1830,522,1830
517,1830,525,1830
518,1830,528,1830
520,1830,532,1830
523,1830,537,1830
527,1830,542,1830
530,1830,548,1830
535,1830,554,1830
540,1830,560,1830
545,1830,566,1830
551,1830,573,1830
558,1830,580,1830
564,1830,587,1830
571,1830,594,1830
579,1830,602,1830
587,1830,611,1830
596,1830,620,1830
605,1830,630,1830
615,1830,640,1830
625,1830,652,1830
635,1830,664,1830
647,1830,677,1830
659,1830,691,1830
672,1830,705,1830
685,1830,721,1830
700,1830,737,1830
715,1830,753,1830
731,1830,770,1830
747,1830,788,1830
765,1830,805,1830
783,1830,823,1830
801,1830,840,1830
820,1830,857,1830
839,1830,874,1830
859,1830,891,1830
878,1830,907,1830
897,1830,922,1830
916,1830,937,1830
935,1830,950,1830
953,1830,963,1830
970,1830,976,1830
987,1830,987,1830
1002,1830,997,1830
1017,1830,1007,1830
1030,1830,1016,1830
1042,1830,1024,1830
1053,1830,1031,1830
1062,1830,1037,1830
1070,1830,1043,1830
1076,1830,1048,1830
1081,1830,1052,1830
1085,1830,1056,1830
1087,1830,1059,1830
1088,1830,1062,1830
1088,1830,1064,1830
1087,1830,1065,1830
1084,1830,1066,1830
1081,1830,1066,1830
1076,1830,1065,1830
1071,1830,1064,1830
1065,1830,1062,1830
1058,1830,1059,1830
1051,1830,1055,1830
1043,1830,1051,1830
1035,1830,1046,1830
1026,1830,1040,1830
1017,1830,1033,1830
1008,1830,1026,1830
998,1830,1017,1830
988,1830,1008,1830
977,1830,998,1830
966,1830,986,1830
955,1830,974,1830
943,1830,962,1830
931,1830,948,1830
919,1830,934,1830
906,1830,920,1830
892,1830,905,1830
878,1830,889,1830
863,1830,874,1830
847,1830,858,1830
831,1830,841,1830
815,1830,825,1830
797,1830,809,1830
779,1830,792,1830
761,1830,776,1830
742,1830,759,1830
723,1830,742,1830
703,1830,726,1830
683,1830,709,1830
664,1830,692,1830
644,1830,675,1830
625,1830,658,1830
606,1830,642,1830
587,1830,625,1830
569,1830,608,1830
552,1830,591,1830
535,1830,575,1830
519,1830,559,1830
504,1830,543,1830
491,1830,528,1830
478,1830,514,1830
466,1830,500,1830
455,1830,487,1830
444,1830,475,1830
435,1830,464,1830
427,1830,455,1830
420,1830,446,1830
413,1830,438,1830
407,1830,432,1830
401,1830,426,1830
396,1830,422,1830
392,1830,418,1830
388,1830,414,1830
384,1830,412,1830
380,1830,410,1830
377,1830,408,1830
374,1830,406,1830
371,1830,404,1830
368,1830,402,1830
366,1830,400,1830
364,1830,397,1830
362,1830,395,1830
360,1830,392,1830
358,1830,388,1830
357,1830,385,1830
356,1830,381,1830
355,1830,376,1830
354,1830,372,1830
353,1830,368,1830
353,1830,363,1830
352,1830,359,1830
352,1830,355,1830
351,1830,351,1830
350,1830,347,1830
349,1830,343,1830
348,1830,340,1830
347,1830,336,1830
345,1830,333,1830
342,1830,330,1830
339,1830,326,1830
335,1830,323,1830
330,1830,319,1830
325,1830,315,1830
318,1830,311,1830
311,1830,306,1830
303,1830,301,1830
294,1830,294,1830
284,1830,287,1830
273,1830,280,1830
261,1830,271,1830
249,1830,261,1830
236,1830,251,1830
222,1830,240,1830
208,1830,227,1830
193,1830,214,1830
178,1830,200,1830
163,1830,185,1830
147,1830,170,1830
131,1830,153,1830
114,1830,136,1830
97,1830,118,1830
81,1830,99,1830
63,1830,80,1830
46,1830,60,1830
28,1830,39,1830
9,1830,18,1830
-10,1830,-3,1830
-29,1830,-25,1830
-49,1830,-48,1830
-70,1830,-71,1830
-91,1830,-94,1830
-113,1830,-118,1830
-135,1830,-142,1830
-158,1830,-166,1830
-181,1830,-190,1830
-205,1830,-214,1830
-229,1830,-239,1830
-254,1830,-263,1830
-278,1830,-287,1830
-303,1830,-312,1830
-328,1830,-336,1830
-353,1830,-360,1830
-377,1830,-384,1830
-401,1830,-408,1830
-425,1830,-432,1830
-448,1830,-455,1830
-471,1830,-479,1830
-493,1830,-501,1830
-515,1830,-524,1830
-535,1830,-547,1830
-555,1830,-568,1830
-575,1830,-590,1830
-593,1830,-611,1830
-611,1830,-631,1830
-628,1830,-650,1830
-644,1830,-668,1830
-660,1830,-686,1830
-675,1830,-702,1830
-689,1830,-717,1830
-702,1830,-731,1830
-714,1830,-744,1830
-726,1830,-755,1830
-736,1830,-765,1830
-746,1830,-773,1830
-754,1830,-780,1830
-762,1830,-785,1830
-768,1830,-789,1830
-773,1830,-792,1830
-777,1830,-794,1830
-780,1830,-794,1830
-781,1830,-794,1830
-782,1830,-793,1830
-781,1830,-791,1830
-779,1830,-788,1830
-777,1830,-785,1830
-773,1830,-781,1830
-768,1830,-777,1830
-763,1830,-773,1830
-757,1830,-769,1830
-751,1830,-764,1830
-744,1830,-760,1830
-737,1830,-755,1830
-730,1830,-750,1830
-723,1830,-746,1830
-716,1830,-742,1830
-709,1830,-738,1830
-703,1830,-734,1830
-697,1830,-730,1830
-691,1830,-727,1830
-686,1830,-724,1830
-681,1830,-722,1830
-677,1830,-720,1830
-674,1830,-718,1830
-671,1830,-716,1830
-669,1830,-716,1830
-667,1830,-715,1830
-666,1830,-715,1830
-666,1830,-715,1830
-666,1830,-716,1830
-667,1830,-717,1830
-668,1830,-719,1830
-669,1830,-720,1830
-671,1830,-722,1830
-674,1830,-724,1830
-677,1830,-727,1830
-680,1830,-729,1830
-684,1830,-732,1830
-688,1830,-735,1830
-693,1830,-738,1830
-698,1830,-741,1830
-704,1830,-744,1830
-710,1830,-748,1830
-716,1830,-751,1830
-723,1830,-756,1830
-731,1830,-760,1830
-739,1830,-765,1830
-747,1830,-770,1830
-757,1830,-776,1830
-766,1830,-782,1830
-776,1830,-789,1830
-786,1830,-796,1830
-797,1830,-804,1830
-809,1830,-812,1830
-820,1830,-820,1830
-832,1830,-828,1830
-844,1830,-837,1830
-856,1830,-846,1830
-868,1830,-855,1830
-880,1830,-864,1830
-891,1830,-872,1830
-903,1830,-881,1830
-914,1830,-889,1830
-925,1830,-897,1830
-935,1830,-904,1830
-945,1830,-911,1830
-955,1830,-918,1830
-964,1830,-924,1830
-973,1830,-930,1830
-980,1830,-935,1830
-988,1830,-939,1830
-995,1830,-944,1830
-1001,1830,-947,1830
-1006,1830,-951,1830
-1011,1830,-954,1830
-1015,1830,-956,1830
-1018,1830,-958,1830
-1020,1830,-960,1830
-1022,1830,-961,1830
-1023,1830,-962,1830
-1022,1830,-962,1830
-1021,1830,-962,1830
-1019,1830,-961,1830
-1016,1830,-960,1830
-1012,1830,-958,1830
-1007,1830,-956,1830
-1000,1830,-953,1830
-993,1830,-948,1830
-985,1830,-944,1830
-976,1830,-938,1830
-966,1830,-931,1830
-955,1830,-924,1830
-944,1830,-916,1830
-932,1830,-906,1830
-919,1830,-896,1830
-905,1830,-885,1830
-891,1830,-873,1830
-876,1830,-860,1830
-861,1830,-846,1830
-845,1830,-832,1830
-829,1830,-816,1830
-812,1830,-800,1830
-795,1830,-783,1830
-777,1830,-765,1830
-759,1830,-747,1830
-740,1830,-728,1830
-721,1830,-709,1830
-701,1830,-690,1830
-681,1830,-670,1830
-661,1830,-650,1830
-640,1830,-630,1830
-619,1830,-610,1830
-597,1830,-591,1830
-575,1830,-571,1830
-553,1830,-552,1830
-531,1830,-532,1830
-509,1830,-514,1830
-487,1830,-495,1830
-465,1830,-477,1830
-443,1830,-459,1830
-422,1830,-442,1830
-401,1830,-424,1830
-380,1830,-407,1830
-360,1830,-390,1830
-340,1830,-373,1830
-320,1830,-357,1830
-301,1830,-340,1830
-283,1830,-323,1830
-265,1830,-307,1830
-247,1830,-291,1830
-230,1830,-274,1830
-214,1830,-259,1830
-198,1830,-243,1830
-183,1830,-227,1830
-168,1830,-213,1830
-154,1830,-198,1830
-141,1830,-185,1830
-128,1830,-172,1830
-116,1830,-160,1830
-105,1830,-149,1830
-94,1830,-139,1830
-85,1830,-130,1830
-76,1830,-122,1830
-68,1830,-115,1830
-61,1830,-109,1830
-55,1830,-103,1830
-50,1830,-99,1830
-46,1830,-96,1830
-42,1830,-93,1830
-39,1830,-91,1830
-37,1830,-89,1830
-36,1830,-88,1830
-35,1830,-87,1830
-35,1830,-86,1830
-35,1830,-86,1830
-36,1830,-86,1830
-36,1830,-85,1830
-37,1830,-85,1830
-38,1830,-85,1830
-39,1830,-84,1830
-39,1830,-83,1830
-39,1830,-83,1830
-39,1830,-82,1830
-38,1830,-80,1830
-36,1830,-78,1830
-34,1830,-76,1830
-31,1830,-73,1830
-27,1830,-70,1830
-23,1830,-67,1830
-18,1830,-62,1830
-12,1830,-57,1830
-5,1830,-51,1830
2,1830,-45,1830
10,1830,-38,1830
18,1830,-30,1830
27,1830,-21,1830
36,1830,-11,1830
46,1830,-1,1830
57,1830,10,1830
67,1830,22,1830
78,1830,34,1830
90,1830,48,1830
101,1830,62,1830
113,1830,76,1830
125,1830,91,1830
138,1830,107,1830
151,1830,123,1830
165,1830,140,1830
179,1830,158,1830
193,1830,176,1830
208,1830,195,1830
224,1830,215,1830
240,1830,235,1830
256,1830,256,1830
274,1830,278,1830
292,1830,300,1830
310,1830,323,1830
330,1830,346,1830
349,1830,370,1830
369,1830,394,1830
390,1830,418,1830
411,1830,443,1830
432,1830,467,1830
453,1830,492,1830
474,1830,516,1830
495,1830,540,1830
516,1830,563,1830
537,1830,586,1830
557,1830,609,1830
577,1830,630,1830
597,1830,651,1830
616,1830,672,1830
635,1830,691,1830
653,1830,710,1830
671,1830,729,1830
689,1830,746,1830
706,1830,763,1830
722,1830,779,1830
738,1830,795,1830
754,1830,810,1830
769,1830,824,1830
783,1830,838,1830
798,1830,851,1830
811,1830,864,1830
824,1830,876,1830
837,1830,888,1830
849,1830,898,1830
861,1830,908,1830
872,1830,917,1830
882,1830,926,1830
892,1830,933,1830
901,1830,940,1830
909,1830,945,1830
916,1830,950,1830
923,1830,953,1830
929,1830,956,1830
934,1830,957,1830
938,1830,958,1830
942,1830,958,1830
944,1830,956,1830
946,1830,954,1830
946,1830,952,1830
946,1830,948,1830
945,1830,944,1830
943,1830,940,1830
941,1830,935,1830
937,1830,930,1830
933,1830,925,1830
928,1830,919,1830
922,1830,914,1830
916,1830,908,1830
909,1830,902,1830
902,1830,897,1830
894,1830,891,1830
885,1830,885,1830
876,1830,878,1830
867,1830,872,1830
858,1830,865,1830
849,1830,859,1830
839,1830,852,1830
830,1830,844,1830
821,1830,837,1830
812,1830,829,1830
803,1830,821,1830
794,1830,813,1830
786,1830,805,1830
778,1830,797,1830
771,1830,788,1830
764,1830,780,1830
758,1830,772,1830
752,1830,764,1830
746,1830,756,1830
741,1830,748,1830
737,1830,740,1830
733,1830,733,1830
730,1830,726,1830
727,1830,720,1830
724,1830,714,1830
722,1830,709,1830
721,1830,705,1830
720,1830,701,1830
719,1830,698,1830
719,1830,696,1830
719,1830,694,1830
719,1830,693,1830
720,1830,693,1830
721,1830,694,1830
722,1830,696,1830
723,1830,698,1830
725,1830,701,1830
727,1830,705,1830
729,1830,710,1830
732,1830,716,1830
735,1830,722,1830
738,1830,729,1830
742,1830,736,1830
746,1830,744,1830
750,1830,752,1830
754,1830,760,1830
759,1830,769,1830
765,1830,777,1830
770,1830,785,1830
776,1830,794,1830
782,1830,801,1830
788,1830,809,1830
795,1830,816,1830
801,1830,823,1830
807,1830,829,1830
813,1830,834,1830
818,1830,839,1830
823,1830,843,1830
828,1830,846,1830
832,1830,849,1830
835,1830,850,1830
837,1830,851,1830
839,1830,850,1830
840,1830,848,1830
840,1830,845,1830
839,1830,842,1830
837,1830,836,1830
834,1830,830,1830
830,1830,823,1830
826,1830,814,1830
820,1830,804,1830
813,1830,794,1830
805,1830,782,1830
797,1830,770,1830
788,1830,756,1830
777,1830,742,1830
766,1830,728,1830
754,1830,712,1830
741,1830,697,1830
728,1830,680,1830
713,1830,663,1830
698,1830,646,1830
682,1830,629,1830
665,1830,611,1830
647,1830,592,1830
629,1830,574,1830
610,1830,555,1830
590,1830,535,1830
569,1830,516,1830
547,1830,496,1830
525,1830,475,1830
502,1830,454,1830
478,1830,433,1830
454,1830,411,1830
429,1830,389,1830
404,1830,367,1830
378,1830,344,1830
352,1830,320,1830
326,1830,297,1830
300,1830,273,1830
274,1830,250,1830
248,1830,226,1830
223,1830,202,1830
197,1830,178,1830
172,1830,154,1830
148,1830,131,1830
124,1830,108,1830
101,1830,85,1830
79,1830,63,1830
57,1830,41,1830
36,1830,20,1830
17,1830,-1,1830
-2,1830,-21,1830
-20,1830,-40,1830
-37,1830,-58,1830
-53,1830,-75,1830
-68,1830,-92,1830
-82,1830,-107,1830
-96,1830,-122,1830
-109,1830,-135,1830
-121,1830,-147,1830
-132,1830,-159,1830
-143,1830,-169,1830
-153,1830,-178,1830
-163,1830,-187,1830
-172,1830,-194,1830
-180,1830,-201,1830
-188,1830,-207,1830
-196,1830,-212,1830
-203,1830,-217,1830
-210,1830,-221,1830
-216,1830,-225,1830
-222,1830,-228,1830
-227,1830,-231,1830
-232,1830,-234,1830
-237,1830,-237,1830
-241,1830,-239,1830
-245,1830,-241,1830
-249,1830,-244,1830
-252,1830,-246,1830
-255,1830,-248,1830
-257,1830,-250,1830
-260,1830,-252,1830
-261,1830,-254,1830
-263,1830,-256,1830
-264,1830,-258,1830
-265,1830,-261,1830
-266,1830,-263,1830
-266,1830,-265,1830
-267,1830,-267,1830
-267,1830,-269,1830
-268,1830,-271,1830
-269,1830,-273,1830
-269,1830,-275,1830
-271,1830,-278,1830
-272,1830,-281,1830
-274,1830,-284,1830
-277,1830,-287,1830
-280,1830,-291,1830
-285,1830,-296,1830
-289,1830,-301,1830
-295,1830,-306,1830
-301,1830,-313,1830
-309,1830,-319,1830
-317,1830,-327,1830
-326,1830,-335,1830
-336,1830,-344,1830
-347,1830,-353,1830
-358,1830,-364,1830
-371,1830,-375,1830
-384,1830,-387,1830
-398,1830,-399,1830
-412,1830,-412,1830
-428,1830,-425,1830
-443,1830,-440,1830
-460,1830,-454,1830
-476,1830,-469,1830
-493,1830,-485,1830
-511,1830,-501,1830
-528,1830,-517,1830
-546,1830,-534,1830
-565,1830,-550,1830
-583,1830,-567,1830
-601,1830,-585,1830
-620,1830,-602,1830
-639,1830,-620,1830
-657,1830,-637,1830
-676,1830,-655,1830
-694,1830,-673,1830
-713,1830,-690,1830
-731,1830,-708,1830
-749,1830,-726,1830
-767,1830,-743,1830
-785,1830,-761,1830
-803,1830,-778,1830
-820,1830,-795,1830
-837,1830,-812,1830
-854,1830,-828,1830
-870,1830,-844,1830
-887,1830,-860,1830
-902,1830,-876,1830
-917,1830,-890,1830
-932,1830,-905,1830
-946,1830,-919,1830
-959,1830,-933,1830
-971,1830,-946,1830
-983,1830,-958,1830
-993,1830,-970,1830
-1003,1830,-981,1830
-1012,1830,-991,1830
-1020,1830,-1001,1830
-1027,1830,-1009,1830
-1033,1830,-1017,1830
-1038,1830,-1024,1830
-1042,1830,-1029,1830
-1045,1830,-1034,1830
-1047,1830,-1037,1830
-1048,1830,-1040,1830
-1048,1830,-1041,1830
-1048,1830,-1041,1830
-1046,1830,-1041,1830
-1044,1830,-1039,1830
-1042,1830,-1036,1830
-1038,1830,-1032,1830
-1034,1830,-1027,1830
-1029,1830,-1022,1830
-1024,1830,-1015,1830
-1018,1830,-1008,1830
-1012,1830,-1000,1830
-1005,1830,-992,1830
-997,1830,-983,1830
-990,1830,-974,1830
-981,1830,-965,1830
-973,1830,-955,1830
-964,1830,-945,1830
-955,1830,-935,1830
-945,1830,-925,1830
-935,1830,-915,1830
-925,1830,-904,1830
-914,1830,-894,1830
-903,1830,-883,1830
-891,1830,-873,1830
-880,1830,-862,1830
-868,1830,-851,1830
-855,1830,-840,1830
-843,1830,-828,1830
-830,1830,-817,1830
-817,1830,-805,1830
-803,1830,-794,1830
-790,1830,-782,1830
-776,1830,-770,1830
-763,1830,-758,1830
-749,1830,-746,1830
-736,1830,-734,1830
-722,1830,-723,1830
-709,1830,-711,1830
-697,1830,-699,1830
-685,1830,-688,1830
-674,1830,-677,1830
-663,1830,-667,1830
-654,1830,-656,1830
-645,1830,-647,1830
-637,1830,-637,1830
-630,1830,-629,1830
-625,1830,-621,1830
-620,1830,-613,1830
-616,1830,-606,1830
-613,1830,-600,1830
-612,1830,-594,1830
-610,1830,-590,1830
-610,1830,-586,1830
-610,1830,-582,1830
-611,1830,-580,1830
-613,1830,-578,1830
-614,1830,-576,1830
-616,1830,-576,1830
-619,1830,-575,1830
-621,1830,-576,1830
-624,1830,-577,1830
-626,1830,-578,1830
-628,1830,-579,1830
-630,1830,-580,1830
-631,1830,-582,1830
-633,1830,-584,1830
-634,1830,-585,1830
-634,1830,-587,1830
-635,1830,-588,1830
-634,1830,-589,1830
-634,1830,-590,1830
-633,1830,-590,1830
-632,1830,-590,1830
-631,1830,-590,1830
-630,1830,-589,1830
-628,1830,-588,1830
-626,1830,-587,1830
-624,1830,-586,1830
-621,1830,-584,1830
-619,1830,-582,1830
-616,1830,-580,1830
-612,1830,-577,1830
-608,1830,-574,1830
-604,1830,-571,1830
-599,1830,-568,1830
-593,1830,-563,1830
-587,1830,-559,1830
-580,1830,-554,1830
-572,1830,-548,1830
-564,1830,-542,1830
-555,1830,-534,1830
-544,1830,-526,1830
-533,1830,-517,1830
-521,1830,-508,1830
-508,1830,-497,1830
-494,1830,-485,1830
-479,1830,-473,1830
-464,1830,-459,1830
-447,1830,-444,1830
-430,1830,-428,1830
-413,1830,-411,1830
-394,1830,-394,1830
-376,1830,-375,1830
-356,1830,-356,1830
-337,1830,-336,1830
-317,1830,-315,1830
-297,1830,-294,1830
-276,1830,-272,1830
-256,1830,-250,1830
-235,1830,-228,1830
-213,1830,-205,1830
-192,1830,-182,1830
-170,1830,-159,1830
-148,1830,-136,1830
-126,1830,-112,1830
-104,1830,-89,1830
-81,1830,-65,1830
-58,1830,-42,1830
-35,1830,-19,1830
-11,1830,5,1830
12,1830,28,1830
36,1830,51,1830
60,1830,74,1830
84,1830,97,1830
108,1830,120,1830
132,1830,142,1830
156,1830,165,1830
179,1830,187,1830
202,1830,209,1830
225,1830,231,1830
247,1830,252,1830
268,1830,273,1830
288,1830,294,1830
307,1830,315,1830
326,1830,335,1830
344,1830,354,1830
360,1830,373,1830
376,1830,391,1830
390,1830,408,1830
404,1830,425,1830
417,1830,441,1830
429,1830,456,1830
440,1830,470,1830
450,1830,483,1830
460,1830,495,1830
469,1830,506,1830
477,1830,516,1830
485,1830,526,1830
492,1830,534,1830
499,1830,541,1830
506,1830,548,1830
512,1830,553,1830
518,1830,558,1830
524,1830,561,1830
529,1830,564,1830
534,1830,566,1830
538,1830,567,1830
543,1830,568,1830
546,1830,568,1830
550,1830,567,1830
553,1830,566,1830
555,1830,565,1830
558,1830,563,1830
560,1830,561,1830
562,1830,558,1830
563,1830,556,1830
565,1830,554,1830
566,1830,552,1830
567,1830,550,1830
568,1830,548,1830
569,1830,546,1830
569,1830,545,1830
570,1830,545,1830
571,1830,545,1830
571,1830,545,1830
572,1830,546,1830
572,1830,548,1830
572,1830,550,1830
573,1830,554,1830
573,1830,557,1830
573,1830,562,1830
574,1830,567,1830
574,1830,573,1830
575,1830,580,1830
575,1830,587,1830
576,1830,594,1830
577,1830,602,1830
579,1830,611,1830
581,1830,620,1830
584,1830,629,1830
587,1830,638,1830
591,1830,648,1830
596,1830,658,1830
601,1830,669,1830
608,1830,679,1830
615,1830,690,1830
624,1830,701,1830
633,1830,712,1830
644,1830,723,1830
655,1830,734,1830
668,1830,746,1830
681,1830,757,1830
695,1830,769,1830
711,1830,781,1830
726,1830,793,1830
743,1830,805,1830
760,1830,817,1830
777,1830,830,1830
795,1830,842,1830
813,1830,855,1830
831,1830,868,1830
849,1830,881,1830
867,1830,894,1830
885,1830,906,1830
903,1830,919,1830
920,1830,931,1830
937,1830,944,1830
953,1830,956,1830
969,1830,967,1830
983,1830,979,1830
997,1830,989,1830
1010,1830,1000,1830
1022,1830,1009,1830
1033,1830,1019,1830
1043,1830,1027,1830
1052,1830,1035,1830
1060,1830,1043,1830
1067,1830,1049,1830
1073,1830,1055,1830
1077,1830,1060,1830
1081,1830,1064,1830
1083,1830,1068,1830
1085,1830,1070,1830
1085,1830,1071,1830
1084,1830,1072,1830
1083,1830,1072,1830
1081,1830,1070,1830
1078,1830,1068,1830
1074,1830,1064,1830
1069,1830,1060,1830
1064,1830,1055,1830
1058,1830,1048,1830
1052,1830,1041,1830
1045,1830,1033,1830
1037,1830,1024,1830
1029,1830,1014,1830
1020,1830,1003,1830
1011,1830,992,1830
1000,1830,979,1830
989,1830,967,1830
978,1830,953,1830
965,1830,939,1830
952,1830,925,1830
938,1830,910,1830
923,1830,895,1830
907,1830,880,1830
891,1830,865,1830
874,1830,849,1830
856,1830,834,1830
837,1830,818,1830
818,1830,802,1830
799,1830,786,1830
778,1830,771,1830
758,1830,755,1830
737,1830,739,1830
717,1830,724,1830
696,1830,708,1830
675,1830,692,1830
655,1830,676,1830
635,1830,660,1830
615,1830,643,1830
596,1830,627,1830
578,1830,610,1830
560,1830,593,1830
543,1830,577,1830
528,1830,560,1830
513,1830,543,1830
499,1830,527,1830
486,1830,511,1830
474,1830,495,1830
462,1830,480,1830
452,1830,466,1830
443,1830,452,1830
434,1830,439,1830
427,1830,426,1830
419,1830,415,1830
413,1830,404,1830
407,1830,394,1830
402,1830,385,1830
396,1830,376,1830
392,1830,368,1830
387,1830,360,1830
383,1830,353,1830
379,1830,347,1830
375,1830,341,1830
371,1830,335,1830
367,1830,330,1830
363,1830,325,1830
360,1830,321,1830
356,1830,317,1830
353,1830,314,1830
349,1830,312,1830
346,1830,309,1830
343,1830,308,1830
341,1830,308,1830
338,1830,308,1830
336,1830,308,1830
335,1830,310,1830
333,1830,312,1830
332,1830,315,1830
331,1830,318,1830
330,1830,321,1830
329,1830,325,1830
328,1830,328,1830
327,1830,332,1830
326,1830,334,1830
324,1830,337,1830
322,1830,338,1830
319,1830,338,1830
316,1830,336,1830
312,1830,334,1830
307,1830,330,1830
301,1830,324,1830
294,1830,317,1830
286,1830,308,1830
277,1830,298,1830
268,1830,287,1830
257,1830,274,1830
245,1830,259,1830
233,1830,244,1830
220,1830,228,1830
206,1830,211,1830
192,1830,193,1830
177,1830,175,1830
162,1830,156,1830
146,1830,136,1830
131,1830,117,1830
115,1830,97,1830
99,1830,77,1830
82,1830,57,1830
66,1830,37,1830
49,1830,17,1830
32,1830,-3,1830
15,1830,-23,1830
-2,1830,-43,1830
-20,1830,-63,1830
-39,1830,-83,1830
-57,1830,-103,1830
-77,1830,-124,1830
-97,1830,-145,1830
-117,1830,-166,1830
-139,1830,-188,1830
-160,1830,-210,1830
-182,1830,-232,1830
-205,1830,-255,1830
-228,1830,-278,1830
-251,1830,-302,1830
-274,1830,-325,1830
-298,1830,-349,1830
-322,1830,-374,1830
-345,1830,-398,1830
-369,1830,-422,1830
-393,1830,-446,1830
-416,1830,-469,1830
-439,1830,-492,1830
-462,1830,-515,1830
-485,1830,-537,1830
-507,1830,-558,1830
-529,1830,-578,1830
-551,1830,-597,1830
-571,1830,-615,1830
-591,1830,-633,1830
-611,1830,-649,1830
-629,1830,-664,1830
-647,1830,-677,1830
-663,1830,-690,1830
-679,1830,-702,1830
-693,1830,-713,1830
-706,1830,-724,1830
-718,1830,-733,1830
-729,1830,-742,1830
-739,1830,-750,1830
-748,1830,-757,1830
-755,1830,-764,1830
-761,1830,-770,1830
-767,1830,-776,1830
-771,1830,-781,1830
-775,1830,-785,1830
-778,1830,-789,1830
-780,1830,-792,1830
-782,1830,-795,1830
-783,1830,-796,1830
-783,1830,-797,1830
-783,1830,-798,1830
-783,1830,-797,1830
-782,1830,-796,1830
-781,1830,-794,1830
-780,1830,-791,1830
-779,1830,-788,1830
-777,1830,-784,1830
-775,1830,-779,1830
-773,1830,-773,1830
-770,1830,-767,1830
-767,1830,-761,1830
-764,1830,-754,1830
-761,1830,-747,1830
-757,1830,-740,1830
-753,1830,-733,1830
-749,1830,-726,1830
-744,1830,-719,1830
-740,1830,-713,1830
-735,1830,-707,1830
-730,1830,-701,1830
-726,1830,-697,1830
-721,1830,-692,1830
-717,1830,-688,1830
